/*--------------------------------*- C++ -*----------------------------------*\
| =========                 |                                                 |
| \\      /  F ield         | OpenFOAM: The Open Source CFD Toolbox           |
|  \\    /   O peration     | Version:  v1812                                 |
|   \\  /    A nd           | Web:      www.OpenFOAM.com                      |
|    \\/     M anipulation  |                                                 |
\*---------------------------------------------------------------------------*/
FoamFile
{
    version     2.0;
    format      ascii;
    class       vectorField;
    location    "constant/polyMesh";
    object      points;
}
// * * * * * * * * * * * * * * * * * * * * * * * * * * * * * * * * * * * * * //


204
(
(0.4 0 0)
(0.412 0 0)
(0.424 0 0)
(0.436 0 0)
(0.448 0 0)
(0.46 0 0)
(0.472 0 0)
(0.484 0 0)
(0.496 0 0)
(0.508 0 0)
(0.52 0 0)
(0.532 0 0)
(0.544 0 0)
(0.556 0 0)
(0.568 0 0)
(0.58 0 0)
(0.592 0 0)
(0.604 0 0)
(0.616 0 0)
(0.628 0 0)
(0.64 0 0)
(0.652 0 0)
(0.664 0 0)
(0.676 0 0)
(0.688 0 0)
(0.7 0 0)
(0.712 0 0)
(0.724 0 0)
(0.736 0 0)
(0.748 0 0)
(0.76 0 0)
(0.772 0 0)
(0.784 0 0)
(0.796 0 0)
(0.808 0 0)
(0.82 0 0)
(0.832 0 0)
(0.844 0 0)
(0.856 0 0)
(0.868 0 0)
(0.88 0 0)
(0.892 0 0)
(0.904 0 0)
(0.916 0 0)
(0.928 0 0)
(0.94 0 0)
(0.952 0 0)
(0.964 0 0)
(0.976 0 0)
(0.988 0 0)
(1 0 0)
(0.4 0.1 0)
(0.412 0.1 0)
(0.424 0.1 0)
(0.436 0.1 0)
(0.448 0.1 0)
(0.46 0.1 0)
(0.472 0.1 0)
(0.484 0.1 0)
(0.496 0.1 0)
(0.508 0.1 0)
(0.52 0.1 0)
(0.532 0.1 0)
(0.544 0.1 0)
(0.556 0.1 0)
(0.568 0.1 0)
(0.58 0.1 0)
(0.592 0.1 0)
(0.604 0.1 0)
(0.616 0.1 0)
(0.628 0.1 0)
(0.64 0.1 0)
(0.652 0.1 0)
(0.664 0.1 0)
(0.676 0.1 0)
(0.688 0.1 0)
(0.7 0.1 0)
(0.712 0.1 0)
(0.724 0.1 0)
(0.736 0.1 0)
(0.748 0.1 0)
(0.76 0.1 0)
(0.772 0.1 0)
(0.784 0.1 0)
(0.796 0.1 0)
(0.808 0.1 0)
(0.82 0.1 0)
(0.832 0.1 0)
(0.844 0.1 0)
(0.856 0.1 0)
(0.868 0.1 0)
(0.88 0.1 0)
(0.892 0.1 0)
(0.904 0.1 0)
(0.916 0.1 0)
(0.928 0.1 0)
(0.94 0.1 0)
(0.952 0.1 0)
(0.964 0.1 0)
(0.976 0.1 0)
(0.988 0.1 0)
(1 0.1 0)
(0.4 0 0.1)
(0.412 0 0.1)
(0.424 0 0.1)
(0.436 0 0.1)
(0.448 0 0.1)
(0.46 0 0.1)
(0.472 0 0.1)
(0.484 0 0.1)
(0.496 0 0.1)
(0.508 0 0.1)
(0.52 0 0.1)
(0.532 0 0.1)
(0.544 0 0.1)
(0.556 0 0.1)
(0.568 0 0.1)
(0.58 0 0.1)
(0.592 0 0.1)
(0.604 0 0.1)
(0.616 0 0.1)
(0.628 0 0.1)
(0.64 0 0.1)
(0.652 0 0.1)
(0.664 0 0.1)
(0.676 0 0.1)
(0.688 0 0.1)
(0.7 0 0.1)
(0.712 0 0.1)
(0.724 0 0.1)
(0.736 0 0.1)
(0.748 0 0.1)
(0.76 0 0.1)
(0.772 0 0.1)
(0.784 0 0.1)
(0.796 0 0.1)
(0.808 0 0.1)
(0.82 0 0.1)
(0.832 0 0.1)
(0.844 0 0.1)
(0.856 0 0.1)
(0.868 0 0.1)
(0.88 0 0.1)
(0.892 0 0.1)
(0.904 0 0.1)
(0.916 0 0.1)
(0.928 0 0.1)
(0.94 0 0.1)
(0.952 0 0.1)
(0.964 0 0.1)
(0.976 0 0.1)
(0.988 0 0.1)
(1 0 0.1)
(0.4 0.1 0.1)
(0.412 0.1 0.1)
(0.424 0.1 0.1)
(0.436 0.1 0.1)
(0.448 0.1 0.1)
(0.46 0.1 0.1)
(0.472 0.1 0.1)
(0.484 0.1 0.1)
(0.496 0.1 0.1)
(0.508 0.1 0.1)
(0.52 0.1 0.1)
(0.532 0.1 0.1)
(0.544 0.1 0.1)
(0.556 0.1 0.1)
(0.568 0.1 0.1)
(0.58 0.1 0.1)
(0.592 0.1 0.1)
(0.604 0.1 0.1)
(0.616 0.1 0.1)
(0.628 0.1 0.1)
(0.64 0.1 0.1)
(0.652 0.1 0.1)
(0.664 0.1 0.1)
(0.676 0.1 0.1)
(0.688 0.1 0.1)
(0.7 0.1 0.1)
(0.712 0.1 0.1)
(0.724 0.1 0.1)
(0.736 0.1 0.1)
(0.748 0.1 0.1)
(0.76 0.1 0.1)
(0.772 0.1 0.1)
(0.784 0.1 0.1)
(0.796 0.1 0.1)
(0.808 0.1 0.1)
(0.82 0.1 0.1)
(0.832 0.1 0.1)
(0.844 0.1 0.1)
(0.856 0.1 0.1)
(0.868 0.1 0.1)
(0.88 0.1 0.1)
(0.892 0.1 0.1)
(0.904 0.1 0.1)
(0.916 0.1 0.1)
(0.928 0.1 0.1)
(0.94 0.1 0.1)
(0.952 0.1 0.1)
(0.964 0.1 0.1)
(0.976 0.1 0.1)
(0.988 0.1 0.1)
(1 0.1 0.1)
)


// ************************************************************************* //
