/*--------------------------------*- C++ -*----------------------------------*\
| =========                 |                                                 |
| \\      /  F ield         | OpenFOAM: The Open Source CFD Toolbox           |
|  \\    /   O peration     | Version:  v1812                                 |
|   \\  /    A nd           | Web:      www.OpenFOAM.com                      |
|    \\/     M anipulation  |                                                 |
\*---------------------------------------------------------------------------*/
FoamFile
{
    version     2.0;
    format      ascii;
    class       labelList;
    note        "nPoints: 12460 nCells: 6018 nFaces: 24283 nInternalFaces: 11825";
    location    "constant/polyMesh";
    object      neighbour;
}
// * * * * * * * * * * * * * * * * * * * * * * * * * * * * * * * * * * * * * //


11825
(
1
34
2
35
3
36
4
37
5
38
6
39
7
40
8
41
9
42
10
43
11
44
12
45
13
46
14
47
15
48
16
49
17
50
18
51
19
52
20
53
21
54
22
55
23
56
24
57
25
58
26
59
27
60
28
61
29
62
30
63
31
64
32
65
33
66
67
35
68
36
69
37
70
38
71
39
72
40
73
41
74
42
75
43
76
44
77
45
78
46
79
47
80
48
81
49
82
50
83
51
84
52
85
53
86
54
87
55
88
56
89
57
90
58
91
59
92
60
93
61
94
62
95
63
96
64
97
65
98
66
99
67
100
101
69
102
70
103
71
104
72
105
73
106
74
107
75
108
76
109
77
110
78
111
79
112
80
113
81
114
82
115
83
116
84
117
85
118
86
119
87
120
88
121
89
122
90
123
91
124
92
125
93
126
94
127
95
128
96
129
97
130
98
131
99
132
100
133
101
134
135
103
136
104
137
105
138
106
139
107
140
108
141
109
142
110
143
111
144
112
145
113
146
114
147
115
148
116
149
117
150
118
151
119
152
120
153
121
154
122
155
123
156
124
157
125
158
126
159
127
160
128
161
129
162
130
163
131
164
132
165
133
166
134
167
135
168
169
137
170
138
171
139
172
140
173
141
174
142
175
143
176
144
177
145
178
146
179
147
180
148
181
149
182
150
183
151
184
152
185
153
186
154
187
155
188
156
189
157
190
158
191
159
192
160
193
161
194
162
195
163
196
164
197
165
198
166
199
167
200
168
201
169
202
203
171
204
172
205
173
206
174
207
175
208
176
209
177
210
178
211
179
212
180
213
181
214
182
215
183
216
184
217
185
218
186
219
187
220
188
221
189
222
190
223
191
224
192
225
193
226
194
227
195
228
196
229
197
230
198
231
199
232
200
233
201
234
202
235
203
236
237
205
238
206
239
207
240
208
241
209
242
210
243
211
244
212
245
213
246
214
247
215
248
216
249
217
250
218
251
219
252
220
253
221
254
222
255
223
256
224
257
225
258
226
259
227
260
228
261
229
262
230
263
231
264
232
265
233
266
234
267
235
268
236
269
237
270
271
239
272
240
273
241
274
242
275
243
276
244
277
245
278
246
279
247
280
248
281
249
282
250
283
251
284
252
285
253
286
254
287
255
288
256
289
257
290
258
291
259
292
260
293
261
294
262
295
263
296
264
297
265
298
266
299
267
300
268
301
269
302
270
303
271
304
305
273
306
274
307
275
308
276
309
277
310
278
311
279
312
280
313
281
314
282
315
283
316
284
317
285
318
286
319
287
320
288
321
289
322
290
323
291
324
292
325
293
326
294
327
295
328
296
329
297
330
298
331
299
332
300
333
301
334
302
335
303
336
304
337
305
338
339
307
340
308
341
309
342
310
343
311
344
312
345
313
346
314
347
315
348
316
349
317
350
318
351
319
352
320
353
321
354
322
355
323
356
324
357
325
358
326
359
327
360
328
361
329
362
330
363
331
364
332
365
333
366
334
367
335
368
336
369
337
370
338
371
339
372
373
341
374
342
375
343
376
344
377
345
378
346
379
347
380
348
381
349
382
350
383
351
384
352
385
353
386
354
387
355
388
356
389
357
390
358
391
359
392
360
393
361
394
362
395
363
396
364
397
365
398
366
399
367
400
368
401
369
402
370
403
371
404
372
405
373
406
407
375
408
376
409
377
410
378
411
379
412
380
413
381
414
382
415
383
416
384
417
385
418
386
419
387
420
388
421
389
422
390
423
391
424
392
425
393
426
394
427
395
428
396
429
397
430
398
431
399
432
400
433
401
434
402
435
403
436
404
437
405
438
406
439
407
440
441
409
442
410
443
411
444
412
445
413
446
414
447
415
448
416
449
417
450
418
451
419
452
420
453
421
454
422
455
423
456
424
457
425
458
426
459
427
460
428
461
429
462
430
463
431
464
432
465
433
466
434
467
435
468
436
469
437
470
438
471
439
472
440
473
441
474
475
443
476
444
477
445
478
446
479
447
480
448
481
449
482
450
483
451
484
452
485
453
486
454
487
455
488
456
489
457
490
458
491
459
492
460
493
461
494
462
495
463
496
464
497
465
498
466
499
467
500
468
501
469
502
470
503
471
504
472
505
473
506
474
507
475
508
509
477
510
478
511
479
512
480
513
481
514
482
515
483
516
484
517
485
518
486
519
487
520
488
521
489
522
490
523
491
524
492
525
493
526
494
527
495
528
496
529
497
530
498
531
499
532
500
533
501
534
502
535
503
536
504
537
505
538
506
539
507
540
508
541
509
542
543
511
544
512
545
513
546
514
547
515
548
516
549
517
550
518
551
519
552
520
553
521
554
522
555
523
556
524
557
525
558
526
559
527
560
528
561
529
562
530
563
531
564
532
565
533
566
534
567
535
568
536
569
537
570
538
571
539
572
540
573
541
574
542
575
543
576
577
545
578
546
579
547
580
548
581
549
582
550
583
551
584
552
585
553
586
554
587
555
588
556
589
557
590
558
591
559
592
560
593
561
594
562
595
563
596
564
597
565
598
566
599
567
600
568
601
569
602
570
603
571
604
572
605
573
606
574
607
575
608
576
609
577
610
611
579
612
580
613
581
614
582
615
583
616
584
617
585
618
586
619
587
620
588
621
589
622
590
623
591
624
592
625
593
626
594
627
595
628
596
629
597
630
598
631
599
632
600
633
601
634
602
635
603
636
604
637
605
638
606
639
607
640
608
641
609
642
610
643
611
644
645
613
646
614
647
615
648
616
649
617
650
618
651
619
652
620
653
621
654
622
655
623
656
624
657
625
658
626
659
627
660
628
661
629
662
630
663
631
664
632
665
633
666
634
667
635
668
636
669
637
670
638
671
639
672
640
673
641
674
642
675
643
676
644
677
645
678
679
647
680
648
681
649
682
650
683
651
684
652
685
653
686
654
687
655
688
656
689
657
690
658
691
659
692
660
693
661
694
662
695
663
696
664
697
665
698
666
699
667
700
668
701
669
702
670
703
671
704
672
705
673
706
674
707
675
708
676
709
677
710
678
711
679
712
713
681
714
682
715
683
716
684
717
685
718
686
719
687
720
688
721
689
722
690
723
691
724
692
725
693
726
694
727
695
728
696
729
697
730
698
731
699
732
700
733
701
734
702
735
703
736
704
737
705
738
706
739
707
740
708
741
709
742
710
743
711
744
712
745
713
746
747
715
748
716
749
717
750
718
751
719
752
720
753
721
754
722
755
723
756
724
757
725
758
726
759
727
760
728
761
729
762
730
763
731
764
732
765
733
766
734
767
735
768
736
769
737
770
738
771
739
772
740
773
741
774
742
775
743
776
744
777
745
778
746
779
747
780
781
749
782
750
783
751
784
752
785
753
786
754
787
755
788
756
789
757
790
758
791
759
792
760
793
761
794
762
795
763
796
764
797
765
798
766
799
767
800
768
801
769
802
770
803
771
804
772
805
773
806
774
807
775
808
776
809
777
810
778
811
779
812
780
813
781
814
815
783
816
784
817
785
818
786
819
787
820
788
821
789
822
790
823
791
824
792
825
793
826
794
827
795
828
796
829
797
830
798
831
799
832
800
833
801
834
802
835
803
836
804
837
805
838
806
839
807
840
808
841
809
842
810
843
811
844
812
845
813
846
814
847
815
848
849
817
850
818
851
819
852
820
853
821
854
822
855
823
856
824
857
825
858
826
859
827
860
828
861
829
862
830
863
831
864
832
865
833
866
834
867
835
868
836
869
837
870
838
871
839
872
840
873
841
874
842
875
843
876
844
877
845
878
846
879
847
880
848
881
849
882
883
851
884
852
885
853
886
854
887
855
888
856
889
857
890
858
891
859
892
860
893
861
894
862
895
863
896
864
897
865
898
866
899
867
900
868
901
869
902
870
903
871
904
872
905
873
906
874
907
875
908
876
909
877
910
878
911
879
912
880
913
881
914
882
915
883
916
917
885
918
886
919
887
920
888
921
889
922
890
923
891
924
892
925
893
926
894
927
895
928
896
929
897
930
898
931
899
932
900
933
901
934
902
935
903
936
904
937
905
938
906
939
907
940
908
941
909
942
910
943
911
944
912
945
913
946
914
947
915
948
916
949
917
950
951
919
952
920
953
921
954
922
955
923
956
924
957
925
958
926
959
927
960
928
961
929
962
930
963
931
964
932
965
933
966
934
967
935
968
936
969
937
970
938
971
939
972
940
973
941
974
942
975
943
976
944
977
945
978
946
979
947
980
948
981
949
982
950
983
951
984
985
953
986
954
987
955
988
956
989
957
990
958
991
959
992
960
993
961
994
962
995
963
996
964
997
965
998
966
999
967
1000
968
1001
969
1002
970
1003
971
1004
972
1005
973
1006
974
1007
975
1008
976
1009
977
1010
978
1011
979
1012
980
1013
981
1014
982
1015
983
1016
984
1017
985
1018
1019
987
1020
988
1021
989
1022
990
1023
991
1024
992
1025
993
1026
994
1027
995
1028
996
1029
997
1030
998
1031
999
1032
1000
1033
1001
1034
1002
1035
1003
1036
1004
1037
1005
1038
1006
1039
1007
1040
1008
1041
1009
1042
1010
1043
1011
1044
1012
1045
1013
1046
1014
1047
1015
1048
1016
1049
1017
1050
1018
1051
1019
1052
1053
1021
1054
1022
1055
1023
1056
1024
1057
1025
1058
1026
1059
1027
1060
1028
1061
1029
1062
1030
1063
1031
1064
1032
1065
1033
1066
1034
1067
1035
1068
1036
1069
1037
1070
1038
1071
1039
1072
1040
1073
1041
1074
1042
1075
1043
1076
1044
1077
1045
1078
1046
1079
1047
1080
1048
1081
1049
1082
1050
1083
1051
1084
1052
1085
1053
1086
1087
1055
1088
1056
1089
1057
1090
1058
1091
1059
1092
1060
1093
1061
1094
1062
1095
1063
1096
1064
1097
1065
1098
1066
1099
1067
1100
1068
1101
1069
1102
1070
1103
1071
1104
1072
1105
1073
1106
1074
1107
1075
1108
1076
1109
1077
1110
1078
1111
1079
1112
1080
1113
1081
1114
1082
1115
1083
1116
1084
1117
1085
1118
1086
1119
1087
1120
1121
1089
1122
1090
1123
1091
1124
1092
1125
1093
1126
1094
1127
1095
1128
1096
1129
1097
1130
1098
1131
1099
1132
1100
1133
1101
1134
1102
1135
1103
1136
1104
1137
1105
1138
1106
1139
1107
1140
1108
1141
1109
1142
1110
1143
1111
1144
1112
1145
1113
1146
1114
1147
1115
1148
1116
1149
1117
1150
1118
1151
1119
1152
1120
1153
1121
1154
1155
1123
1156
1124
1157
1125
1158
1126
1159
1127
1160
1128
1161
1129
1162
1130
1163
1131
1164
1132
1165
1133
1166
1134
1167
1135
1168
1136
1169
1137
1170
1138
1171
1139
1172
1140
1173
1141
1174
1142
1175
1143
1176
1144
1177
1145
1178
1146
1179
1147
1180
1148
1181
1149
1182
1150
1183
1151
1184
1152
1185
1153
1186
1154
1187
1155
1188
1189
1157
1190
1158
1191
1159
1192
1160
1193
1161
1194
1162
1195
1163
1196
1164
1197
1165
1198
1166
1199
1167
1200
1168
1201
1169
1202
1170
1203
1171
1204
1172
1205
1173
1206
1174
1207
1175
1208
1176
1209
1177
1210
1178
1211
1179
1212
1180
1213
1181
1214
1182
1215
1183
1216
1184
1217
1185
1218
1186
1219
1187
1220
1188
1221
1189
1222
1223
1191
1224
1192
1225
1193
1226
1194
1227
1195
1228
1196
1229
1197
1230
1198
1231
1199
1232
1200
1233
1201
1234
1202
1235
1203
1236
1204
1237
1205
1238
1206
1239
1207
1240
1208
1241
1209
1242
1210
1243
1211
1244
1212
1245
1213
1246
1214
1247
1215
1248
1216
1249
1217
1250
1218
1251
1219
1252
1220
1253
1221
1254
1222
1255
1223
1256
1257
1225
1258
1226
1259
1227
1260
1228
1261
1229
1262
1230
1263
1231
1264
1232
1265
1233
1266
1234
1267
1235
1268
1236
1269
1237
1270
1238
1271
1239
1272
1240
1273
1241
1274
1242
1275
1243
1276
1244
1277
1245
1278
1246
1279
1247
1280
1248
1281
1249
1282
1250
1283
1251
1284
1252
1285
1253
1286
1254
1287
1255
1288
1256
1289
1257
1290
1291
1259
1292
1260
1293
1261
1294
1262
1295
1263
1296
1264
1297
1265
1298
1266
1299
1267
1300
1268
1301
1269
1302
1270
1303
1271
1304
1272
1305
1273
1306
1274
1307
1275
1308
1276
1309
1277
1310
1278
1311
1279
1312
1280
1313
1281
1314
1282
1315
1283
1316
1284
1317
1285
1318
1286
1319
1287
1320
1288
1321
1289
1322
1290
1323
1291
1324
1325
1293
1326
1294
1327
1295
1328
1296
1329
1297
1330
1298
1331
1299
1332
1300
1333
1301
1334
1302
1335
1303
1336
1304
1337
1305
1338
1306
1339
1307
1340
1308
1341
1309
1342
1310
1343
1311
1344
1312
1345
1313
1346
1314
1347
1315
1348
1316
1349
1317
1350
1318
1351
1319
1352
1320
1353
1321
1354
1322
1355
1323
1356
1324
1357
1325
1358
1359
1327
1360
1328
1361
1329
1362
1330
1363
1331
1364
1332
1365
1333
1366
1334
1367
1335
1368
1336
1369
1337
1370
1338
1371
1339
1372
1340
1373
1341
1374
1342
1375
1343
1376
1344
1377
1345
1378
1346
1379
1347
1380
1348
1381
1349
1382
1350
1383
1351
1384
1352
1385
1353
1386
1354
1387
1355
1388
1356
1389
1357
1390
1358
1391
1359
1392
1393
1361
1394
1362
1395
1363
1396
1364
1397
1365
1398
1366
1399
1367
1400
1368
1401
1369
1402
1370
1403
1371
1404
1372
1405
1373
1406
1374
1407
1375
1408
1376
1409
1377
1410
1378
1411
1379
1412
1380
1413
1381
1414
1382
1415
1383
1416
1384
1417
1385
1418
1386
1419
1387
1420
1388
1421
1389
1422
1390
1423
1391
1424
1392
1425
1393
1426
1427
1395
1428
1396
1429
1397
1430
1398
1431
1399
1432
1400
1433
1401
1434
1402
1435
1403
1436
1404
1437
1405
1438
1406
1439
1407
1440
1408
1441
1409
1442
1410
1443
1411
1444
1412
1445
1413
1446
1414
1447
1415
1448
1416
1449
1417
1450
1418
1451
1419
1452
1420
1453
1421
1454
1422
1455
1423
1456
1424
1457
1425
1458
1426
1459
1427
1460
1461
1429
1462
1430
1463
1431
1464
1432
1465
1433
1466
1434
1467
1435
1468
1436
1469
1437
1470
1438
1471
1439
1472
1440
1473
1441
1474
1442
1475
1443
1476
1444
1477
1445
1478
1446
1479
1447
1480
1448
1481
1449
1482
1450
1483
1451
1484
1452
1485
1453
1486
1454
1487
1455
1488
1456
1489
1457
1490
1458
1491
1459
1492
1460
1493
1461
1494
1495
1463
1496
1464
1497
1465
1498
1466
1499
1467
1500
1468
1501
1469
1502
1470
1503
1471
1504
1472
1505
1473
1506
1474
1507
1475
1508
1476
1509
1477
1510
1478
1511
1479
1512
1480
1513
1481
1514
1482
1515
1483
1516
1484
1517
1485
1518
1486
1519
1487
1520
1488
1521
1489
1522
1490
1523
1491
1524
1492
1525
1493
1526
1494
1527
1495
1528
1529
1497
1530
1498
1531
1499
1532
1500
1533
1501
1534
1502
1535
1503
1536
1504
1537
1505
1538
1506
1539
1507
1540
1508
1541
1509
1542
1510
1543
1511
1544
1512
1545
1513
1546
1514
1547
1515
1548
1516
1549
1517
1550
1518
1551
1519
1552
1520
1553
1521
1554
1522
1555
1523
1556
1524
1557
1525
1558
1526
1559
1527
1560
1528
1561
1529
1562
1563
1531
1564
1532
1565
1533
1566
1534
1567
1535
1568
1536
1569
1537
1570
1538
1571
1539
1572
1540
1573
1541
1574
1542
1575
1543
1576
1544
1577
1545
1578
1546
1579
1547
1580
1548
1581
1549
1582
1550
1583
1551
1584
1552
1585
1553
1586
1554
1587
1555
1588
1556
1589
1557
1590
1558
1591
1559
1592
1560
1593
1561
1594
1562
1595
1563
1596
1597
1565
1598
1566
1599
1567
1600
1568
1601
1569
1602
1570
1603
1571
1604
1572
1605
1573
1606
1574
1607
1575
1608
1576
1609
1577
1610
1578
1611
1579
1612
1580
1613
1581
1614
1582
1615
1583
1616
1584
1617
1585
1618
1586
1619
1587
1620
1588
1621
1589
1622
1590
1623
1591
1624
1592
1625
1593
1626
1594
1627
1595
1628
1596
1629
1597
1630
1631
1599
1632
1600
1633
1601
1634
1602
1635
1603
1636
1604
1637
1605
1638
1606
1639
1607
1640
1608
1641
1609
1642
1610
1643
1611
1644
1612
1645
1613
1646
1614
1647
1615
1648
1616
1649
1617
1650
1618
1651
1619
1652
1620
1653
1621
1654
1622
1655
1623
1656
1624
1657
1625
1658
1626
1659
1627
1660
1628
1661
1629
1662
1630
1663
1631
1664
1665
1633
1666
1634
1667
1635
1668
1636
1669
1637
1670
1638
1671
1639
1672
1640
1673
1641
1674
1642
1675
1643
1676
1644
1677
1645
1678
1646
1679
1647
1680
1648
1681
1649
1682
1650
1683
1651
1684
1652
1685
1653
1686
1654
1687
1655
1688
1656
1689
1657
1690
1658
1691
1659
1692
1660
1693
1661
1694
1662
1695
1663
1696
1664
1697
1665
1698
1699
1667
1700
1668
1701
1669
1702
1670
1703
1671
1704
1672
1705
1673
1706
1674
1707
1675
1708
1676
1709
1677
1710
1678
1711
1679
1712
1680
1713
1681
1714
1682
1715
1683
1716
1684
1717
1685
1718
1686
1719
1687
1720
1688
1721
1689
1722
1690
1723
1691
1724
1692
1725
1693
1726
1694
1727
1695
1728
1696
1729
1697
1730
1698
1731
1699
1732
1733
1701
1734
1702
1735
1703
1736
1704
1737
1705
1738
1706
1739
1707
1740
1708
1741
1709
1742
1710
1743
1711
1744
1712
1745
1713
1746
1714
1747
1715
1748
1716
1749
1717
1750
1718
1751
1719
1752
1720
1753
1721
1754
1722
1755
1723
1756
1724
1757
1725
1758
1726
1759
1727
1760
1728
1761
1729
1762
1730
1763
1731
1764
1732
1765
1733
1766
1767
1735
1768
1736
1769
1737
1770
1738
1771
1739
1772
1740
1773
1741
1774
1742
1775
1743
1776
1744
1777
1745
1778
1746
1779
1747
1780
1748
1781
1749
1782
1750
1783
1751
1784
1752
1785
1753
1786
1754
1787
1755
1788
1756
1789
1757
1790
1758
1791
1759
1792
1760
1793
1761
1794
1762
1795
1763
1796
1764
1797
1765
1798
1766
1799
1767
1800
1801
1769
1802
1770
1803
1771
1804
1772
1805
1773
1806
1774
1807
1775
1808
1776
1809
1777
1810
1778
1811
1779
1812
1780
1813
1781
1814
1782
1815
1783
1816
1784
1817
1785
1818
1786
1819
1787
1820
1788
1821
1789
1822
1790
1823
1791
1824
1792
1825
1793
1826
1794
1827
1795
1828
1796
1829
1797
1830
1798
1831
1799
1832
1800
1833
1801
1834
1835
1803
1836
1804
1837
1805
1838
1806
1839
1807
1840
1808
1841
1809
1842
1810
1843
1811
1844
1812
1845
1813
1846
1814
1847
1815
1848
1816
1849
1817
1850
1818
1851
1819
1852
1820
1853
1821
1854
1822
1855
1823
1856
1824
1857
1825
1858
1826
1859
1827
1860
1828
1861
1829
1862
1830
1863
1831
1864
1832
1865
1833
1866
1834
1867
1835
1868
1869
1837
1870
1838
1871
1839
1872
1840
1873
1841
1874
1842
1875
1843
1876
1844
1877
1845
1878
1846
1879
1847
1880
1848
1881
1849
1882
1850
1883
1851
1884
1852
1885
1853
1886
1854
1887
1855
1888
1856
1889
1857
1890
1858
1891
1859
1892
1860
1893
1861
1894
1862
1895
1863
1896
1864
1897
1865
1898
1866
1899
1867
1900
1868
1901
1869
1902
1903
1871
1904
1872
1905
1873
1906
1874
1907
1875
1908
1876
1909
1877
1910
1878
1911
1879
1912
1880
1913
1881
1914
1882
1915
1883
1916
1884
1917
1885
1918
1886
1919
1887
1920
1888
1921
1889
1922
1890
1923
1891
1924
1892
1925
1893
1926
1894
1927
1895
1928
1896
1929
1897
1930
1898
1931
1899
1932
1900
1933
1901
1934
1902
1935
1903
1936
1937
1905
1938
1906
1939
1907
1940
1908
1941
1909
1942
1910
1943
1911
1944
1912
1945
1913
1946
1914
1947
1915
1948
1916
1949
1917
1950
1918
1951
1919
1952
1920
1953
1921
1954
1922
1955
1923
1956
1924
1957
1925
1958
1926
1959
1927
1960
1928
1961
1929
1962
1930
1963
1931
1964
1932
1965
1933
1966
1934
1967
1935
1968
1936
1969
1937
1970
1971
1939
1972
1940
1973
1941
1974
1942
1975
1943
1976
1944
1977
1945
1978
1946
1979
1947
1980
1948
1981
1949
1982
1950
1983
1951
1984
1952
1985
1953
1986
1954
1987
1955
1988
1956
1989
1957
1990
1958
1991
1959
1992
1960
1993
1961
1994
1962
1995
1963
1996
1964
1997
1965
1998
1966
1999
1967
2000
1968
2001
1969
2002
1970
2003
1971
2004
2005
1973
2006
1974
2007
1975
2008
1976
2009
1977
2010
1978
2011
1979
2012
1980
2013
1981
2014
1982
2015
1983
2016
1984
2017
1985
2018
1986
2019
1987
2020
1988
2021
1989
2022
1990
2023
1991
2024
1992
2025
1993
2026
1994
2027
1995
2028
1996
2029
1997
2030
1998
2031
1999
2032
2000
2033
2001
2034
2002
2035
2003
2036
2004
2037
2005
2038
2039
2007
2040
2008
2041
2009
2042
2010
2043
2011
2044
2012
2045
2013
2046
2014
2047
2015
2048
2016
2049
2017
2050
2018
2051
2019
2052
2020
2053
2021
2054
2022
2055
2023
2056
2024
2057
2025
2058
2026
2059
2027
2060
2028
2061
2029
2062
2030
2063
2031
2064
2032
2065
2033
2066
2034
2067
2035
2068
2036
2069
2037
2070
2038
2071
2039
2072
2073
2041
2074
2042
2075
2043
2076
2044
2077
2045
2078
2046
2079
2047
2080
2048
2081
2049
2082
2050
2083
2051
2084
2052
2085
2053
2086
2054
2087
2055
2088
2056
2089
2057
2090
2058
2091
2059
2092
2060
2093
2061
2094
2062
2095
2063
2096
2064
2097
2065
2098
2066
2099
2067
2100
2068
2101
2069
2102
2070
2103
2071
2104
2072
2105
2073
2106
2107
2075
2108
2076
2109
2077
2110
2078
2111
2079
2112
2080
2113
2081
2114
2082
2115
2083
2116
2084
2117
2085
2118
2086
2119
2087
2120
2088
2121
2089
2122
2090
2123
2091
2124
2092
2125
2093
2126
2094
2127
2095
2128
2096
2129
2097
2130
2098
2131
2099
2132
2100
2133
2101
2134
2102
2135
2103
2136
2104
2137
2105
2138
2106
2139
2107
2140
2141
2109
2142
2110
2143
2111
2144
2112
2145
2113
2146
2114
2147
2115
2148
2116
2149
2117
2150
2118
2151
2119
2152
2120
2153
2121
2154
2122
2155
2123
2156
2124
2157
2125
2158
2126
2159
2127
2160
2128
2161
2129
2162
2130
2163
2131
2164
2132
2165
2133
2166
2134
2167
2135
2168
2136
2169
2137
2170
2138
2171
2139
2172
2140
2173
2141
2174
2175
2143
2176
2144
2177
2145
2178
2146
2179
2147
2180
2148
2181
2149
2182
2150
2183
2151
2184
2152
2185
2153
2186
2154
2187
2155
2188
2156
2189
2157
2190
2158
2191
2159
2192
2160
2193
2161
2194
2162
2195
2163
2196
2164
2197
2165
2198
2166
2199
2167
2200
2168
2201
2169
2202
2170
2203
2171
2204
2172
2205
2173
2206
2174
2207
2175
2208
2209
2177
2210
2178
2211
2179
2212
2180
2213
2181
2214
2182
2215
2183
2216
2184
2217
2185
2218
2186
2219
2187
2220
2188
2221
2189
2222
2190
2223
2191
2224
2192
2225
2193
2226
2194
2227
2195
2228
2196
2229
2197
2230
2198
2231
2199
2232
2200
2233
2201
2234
2202
2235
2203
2236
2204
2237
2205
2238
2206
2239
2207
2240
2208
2241
2209
2242
2243
2211
2244
2212
2245
2213
2246
2214
2247
2215
2248
2216
2249
2217
2250
2218
2251
2219
2252
2220
2253
2221
2254
2222
2255
2223
2256
2224
2257
2225
2258
2226
2259
2227
2260
2228
2261
2229
2262
2230
2263
2231
2264
2232
2265
2233
2266
2234
2267
2235
2268
2236
2269
2237
2270
2238
2271
2239
2272
2240
2273
2241
2274
2242
2275
2243
2276
2277
2245
2278
2246
2279
2247
2280
2248
2281
2249
2282
2250
2283
2251
2284
2252
2285
2253
2286
2254
2287
2255
2288
2256
2289
2257
2290
2258
2291
2259
2292
2260
2293
2261
2294
2262
2295
2263
2296
2264
2297
2265
2298
2266
2299
2267
2300
2268
2301
2269
2302
2270
2303
2271
2304
2272
2305
2273
2306
2274
2307
2275
2308
2276
2309
2277
2310
2311
2279
2312
2280
2313
2281
2314
2282
2315
2283
2316
2284
2317
2285
2318
2286
2319
2287
2320
2288
2321
2289
2322
2290
2323
2291
2324
2292
2325
2293
2326
2294
2327
2295
2328
2296
2329
2297
2330
2298
2331
2299
2332
2300
2333
2301
2334
2302
2335
2303
2336
2304
2337
2305
2338
2306
2339
2307
2340
2308
2341
2309
2342
2310
2343
2311
2344
2345
2313
2346
2314
2347
2315
2348
2316
2349
2317
2350
2318
2351
2319
2352
2320
2353
2321
2354
2322
2355
2323
2356
2324
2357
2325
2358
2326
2359
2327
2360
2328
2361
2329
2362
2330
2363
2331
2364
2332
2365
2333
2366
2334
2367
2335
2368
2336
2369
2337
2370
2338
2371
2339
2372
2340
2373
2341
2374
2342
2375
2343
2376
2344
2377
2345
2378
2379
2347
2380
2348
2381
2349
2382
2350
2383
2351
2384
2352
2385
2353
2386
2354
2387
2355
2388
2356
2389
2357
2390
2358
2391
2359
2392
2360
2393
2361
2394
2362
2395
2363
2396
2364
2397
2365
2398
2366
2399
2367
2400
2368
2401
2369
2402
2370
2403
2371
2404
2372
2405
2373
2406
2374
2407
2375
2408
2376
2409
2377
2410
2378
2411
2379
2412
2413
2381
2414
2382
2415
2383
2416
2384
2417
2385
2418
2386
2419
2387
2420
2388
2421
2389
2422
2390
2423
2391
2424
2392
2425
2393
2426
2394
2427
2395
2428
2396
2429
2397
2430
2398
2431
2399
2432
2400
2433
2401
2434
2402
2435
2403
2436
2404
2437
2405
2438
2406
2439
2407
2440
2408
2441
2409
2442
2410
2443
2411
2444
2412
2445
2413
2446
2447
2415
2448
2416
2449
2417
2450
2418
2451
2419
2452
2420
2453
2421
2454
2422
2455
2423
2456
2424
2457
2425
2458
2426
2459
2427
2460
2428
2461
2429
2462
2430
2463
2431
2464
2432
2465
2433
2466
2434
2467
2435
2468
2436
2469
2437
2470
2438
2471
2439
2472
2440
2473
2441
2474
2442
2475
2443
2476
2444
2477
2445
2478
2446
2479
2447
2480
2481
2449
2482
2450
2483
2451
2484
2452
2485
2453
2486
2454
2487
2455
2488
2456
2489
2457
2490
2458
2491
2459
2492
2460
2493
2461
2494
2462
2495
2463
2496
2464
2497
2465
2498
2466
2499
2467
2500
2468
2501
2469
2502
2470
2503
2471
2504
2472
2505
2473
2506
2474
2507
2475
2508
2476
2509
2477
2510
2478
2511
2479
2512
2480
2513
2481
2514
2515
2483
2516
2484
2517
2485
2518
2486
2519
2487
2520
2488
2521
2489
2522
2490
2523
2491
2524
2492
2525
2493
2526
2494
2527
2495
2528
2496
2529
2497
2530
2498
2531
2499
2532
2500
2533
2501
2534
2502
2535
2503
2536
2504
2537
2505
2538
2506
2539
2507
2540
2508
2541
2509
2542
2510
2543
2511
2544
2512
2545
2513
2546
2514
2547
2515
2548
2549
2517
2550
2518
2551
2519
2552
2520
2553
2521
2554
2522
2555
2523
2556
2524
2557
2525
2558
2526
2559
2527
2560
2528
2561
2529
2562
2530
2563
2531
2564
2532
2565
2533
2566
2534
2567
2535
2568
2536
2569
2537
2570
2538
2571
2539
2572
2540
2573
2541
2574
2542
2575
2543
2576
2544
2577
2545
2578
2546
2579
2547
2580
2548
2581
2549
2582
2583
2551
2584
2552
2585
2553
2586
2554
2587
2555
2588
2556
2589
2557
2590
2558
2591
2559
2592
2560
2593
2561
2594
2562
2595
2563
2596
2564
2597
2565
2598
2566
2599
2567
2600
2568
2601
2569
2602
2570
2603
2571
2604
2572
2605
2573
2606
2574
2607
2575
2608
2576
2609
2577
2610
2578
2611
2579
2612
2580
2613
2581
2614
2582
2615
2583
2616
2617
2585
2618
2586
2619
2587
2620
2588
2621
2589
2622
2590
2623
2591
2624
2592
2625
2593
2626
2594
2627
2595
2628
2596
2629
2597
2630
2598
2631
2599
2632
2600
2633
2601
2634
2602
2635
2603
2636
2604
2637
2605
2638
2606
2639
2607
2640
2608
2641
2609
2642
2610
2643
2611
2644
2612
2645
2613
2646
2614
2647
2615
2648
2616
2649
2617
2650
2651
2619
2652
2620
2653
2621
2654
2622
2655
2623
2656
2624
2657
2625
2658
2626
2659
2627
2660
2628
2661
2629
2662
2630
2663
2631
2664
2632
2665
2633
2666
2634
2667
2635
2668
2636
2669
2637
2670
2638
2671
2639
2672
2640
2673
2641
2674
2642
2675
2643
2676
2644
2677
2645
2678
2646
2679
2647
2680
2648
2681
2649
2682
2650
2683
2651
2684
2685
2653
2686
2654
2687
2655
2688
2656
2689
2657
2690
2658
2691
2659
2692
2660
2693
2661
2694
2662
2695
2663
2696
2664
2697
2665
2698
2666
2699
2667
2700
2668
2701
2669
2702
2670
2703
2671
2704
2672
2705
2673
2706
2674
2707
2675
2708
2676
2709
2677
2710
2678
2711
2679
2712
2680
2713
2681
2714
2682
2715
2683
2716
2684
2717
2685
2718
2719
2687
2720
2688
2721
2689
2722
2690
2723
2691
2724
2692
2725
2693
2726
2694
2727
2695
2728
2696
2729
2697
2730
2698
2731
2699
2732
2700
2733
2701
2734
2702
2735
2703
2736
2704
2737
2705
2738
2706
2739
2707
2740
2708
2741
2709
2742
2710
2743
2711
2744
2712
2745
2713
2746
2714
2747
2715
2748
2716
2749
2717
2750
2718
2751
2719
2752
2753
2721
2754
2722
2755
2723
2756
2724
2757
2725
2758
2726
2759
2727
2760
2728
2761
2729
2762
2730
2763
2731
2764
2732
2765
2733
2766
2734
2767
2735
2768
2736
2769
2737
2770
2738
2771
2739
2772
2740
2773
2741
2774
2742
2775
2743
2776
2744
2777
2745
2778
2746
2779
2747
2780
2748
2781
2749
2782
2750
2783
2751
2784
2752
2785
2753
2786
2787
2755
2788
2756
2789
2757
2790
2758
2791
2759
2792
2760
2793
2761
2794
2762
2795
2763
2796
2764
2797
2765
2798
2766
2799
2767
2800
2768
2801
2769
2802
2770
2803
2771
2804
2772
2805
2773
2806
2774
2807
2775
2808
2776
2809
2777
2810
2778
2811
2779
2812
2780
2813
2781
2814
2782
2815
2783
2816
2784
2817
2785
2818
2786
2819
2787
2820
2821
2789
2822
2790
2823
2791
2824
2792
2825
2793
2826
2794
2827
2795
2828
2796
2829
2797
2830
2798
2831
2799
2832
2800
2833
2801
2834
2802
2835
2803
2836
2804
2837
2805
2838
2806
2839
2807
2840
2808
2841
2809
2842
2810
2843
2811
2844
2812
2845
2813
2846
2814
2847
2815
2848
2816
2849
2817
2850
2818
2851
2819
2852
2820
2853
2821
2854
2855
2823
2856
2824
2857
2825
2858
2826
2859
2827
2860
2828
2861
2829
2862
2830
2863
2831
2864
2832
2865
2833
2866
2834
2867
2835
2868
2836
2869
2837
2870
2838
2871
2839
2872
2840
2873
2841
2874
2842
2875
2843
2876
2844
2877
2845
2878
2846
2879
2847
2880
2848
2881
2849
2882
2850
2883
2851
2884
2852
2885
2853
2886
2854
2887
2855
2888
2889
2857
2890
2858
2891
2859
2892
2860
2893
2861
2894
2862
2895
2863
2896
2864
2897
2865
2898
2866
2899
2867
2900
2868
2901
2869
2902
2870
2903
2871
2904
2872
2905
2873
2906
2874
2907
2875
2908
2876
2909
2877
2910
2878
2911
2879
2912
2880
2913
2881
2914
2882
2915
2883
2916
2884
2917
2885
2918
2886
2919
2887
2920
2888
2921
2889
2922
2923
2891
2924
2892
2925
2893
2926
2894
2927
2895
2928
2896
2929
2897
2930
2898
2931
2899
2932
2900
2933
2901
2934
2902
2935
2903
2936
2904
2937
2905
2938
2906
2939
2907
2940
2908
2941
2909
2942
2910
2943
2911
2944
2912
2945
2913
2946
2914
2947
2915
2948
2916
2949
2917
2950
2918
2951
2919
2952
2920
2953
2921
2954
2922
2955
2923
2956
2957
2925
2958
2926
2959
2927
2960
2928
2961
2929
2962
2930
2963
2931
2964
2932
2965
2933
2966
2934
2967
2935
2968
2936
2969
2937
2970
2938
2971
2939
2972
2940
2973
2941
2974
2942
2975
2943
2976
2944
2977
2945
2978
2946
2979
2947
2980
2948
2981
2949
2982
2950
2983
2951
2984
2952
2985
2953
2986
2954
2987
2955
2988
2956
2989
2957
2990
2991
2959
2992
2960
2993
2961
2994
2962
2995
2963
2996
2964
2997
2965
2998
2966
2999
2967
3000
2968
3001
2969
3002
2970
3003
2971
3004
2972
3005
2973
3006
2974
3007
2975
3008
2976
3009
2977
3010
2978
3011
2979
3012
2980
3013
2981
3014
2982
3015
2983
3016
2984
3017
2985
3018
2986
3019
2987
3020
2988
3021
2989
3022
2990
3023
2991
3024
3025
2993
3026
2994
3027
2995
3028
2996
3029
2997
3030
2998
3031
2999
3032
3000
3033
3001
3034
3002
3035
3003
3036
3004
3037
3005
3038
3006
3039
3007
3040
3008
3041
3009
3042
3010
3043
3011
3044
3012
3045
3013
3046
3014
3047
3015
3048
3016
3049
3017
3050
3018
3051
3019
3052
3020
3053
3021
3054
3022
3055
3023
3056
3024
3057
3025
3058
3059
3027
3060
3028
3061
3029
3062
3030
3063
3031
3064
3032
3065
3033
3066
3034
3067
3035
3068
3036
3069
3037
3070
3038
3071
3039
3072
3040
3073
3041
3074
3042
3075
3043
3076
3044
3077
3045
3078
3046
3079
3047
3080
3048
3081
3049
3082
3050
3083
3051
3084
3052
3085
3053
3086
3054
3087
3055
3088
3056
3089
3057
3090
3058
3091
3059
3092
3093
3061
3094
3062
3095
3063
3096
3064
3097
3065
3098
3066
3099
3067
3100
3068
3101
3069
3102
3070
3103
3071
3104
3072
3105
3073
3106
3074
3107
3075
3108
3076
3109
3077
3110
3078
3111
3079
3112
3080
3113
3081
3114
3082
3115
3083
3116
3084
3117
3085
3118
3086
3119
3087
3120
3088
3121
3089
3122
3090
3123
3091
3124
3092
3125
3093
3126
3127
3095
3128
3096
3129
3097
3130
3098
3131
3099
3132
3100
3133
3101
3134
3102
3135
3103
3136
3104
3137
3105
3138
3106
3139
3107
3140
3108
3141
3109
3142
3110
3143
3111
3144
3112
3145
3113
3146
3114
3147
3115
3148
3116
3149
3117
3150
3118
3151
3119
3152
3120
3153
3121
3154
3122
3155
3123
3156
3124
3157
3125
3158
3126
3159
3127
3160
3161
3129
3162
3130
3163
3131
3164
3132
3165
3133
3166
3134
3167
3135
3168
3136
3169
3137
3170
3138
3171
3139
3172
3140
3173
3141
3174
3142
3175
3143
3176
3144
3177
3145
3178
3146
3179
3147
3180
3148
3181
3149
3182
3150
3183
3151
3184
3152
3185
3153
3186
3154
3187
3155
3188
3156
3189
3157
3190
3158
3191
3159
3192
3160
3193
3161
3194
3195
3163
3196
3164
3197
3165
3198
3166
3199
3167
3200
3168
3201
3169
3202
3170
3203
3171
3204
3172
3205
3173
3206
3174
3207
3175
3208
3176
3209
3177
3210
3178
3211
3179
3212
3180
3213
3181
3214
3182
3215
3183
3216
3184
3217
3185
3218
3186
3219
3187
3220
3188
3221
3189
3222
3190
3223
3191
3224
3192
3225
3193
3226
3194
3227
3195
3228
3229
3197
3230
3198
3231
3199
3232
3200
3233
3201
3234
3202
3235
3203
3236
3204
3237
3205
3238
3206
3239
3207
3240
3208
3241
3209
3242
3210
3243
3211
3244
3212
3245
3213
3246
3214
3247
3215
3248
3216
3249
3217
3250
3218
3251
3219
3252
3220
3253
3221
3254
3222
3255
3223
3256
3224
3257
3225
3258
3226
3259
3227
3260
3228
3261
3229
3262
3263
3231
3264
3232
3265
3233
3266
3234
3267
3235
3268
3236
3269
3237
3270
3238
3271
3239
3272
3240
3273
3241
3274
3242
3275
3243
3276
3244
3277
3245
3278
3246
3279
3247
3280
3248
3281
3249
3282
3250
3283
3251
3284
3252
3285
3253
3286
3254
3287
3255
3288
3256
3289
3257
3290
3258
3291
3259
3292
3260
3293
3261
3294
3262
3295
3263
3296
3297
3265
3298
3266
3299
3267
3300
3268
3301
3269
3302
3270
3303
3271
3304
3272
3305
3273
3306
3274
3307
3275
3308
3276
3309
3277
3310
3278
3311
3279
3312
3280
3313
3281
3314
3282
3315
3283
3316
3284
3317
3285
3318
3286
3319
3287
3320
3288
3321
3289
3322
3290
3323
3291
3324
3292
3325
3293
3326
3294
3327
3295
3328
3296
3329
3297
3330
3331
3299
3332
3300
3333
3301
3334
3302
3335
3303
3336
3304
3337
3305
3338
3306
3339
3307
3340
3308
3341
3309
3342
3310
3343
3311
3344
3312
3345
3313
3346
3314
3347
3315
3348
3316
3349
3317
3350
3318
3351
3319
3352
3320
3353
3321
3354
3322
3355
3323
3356
3324
3357
3325
3358
3326
3359
3327
3360
3328
3361
3329
3362
3330
3363
3331
3364
3365
3333
3366
3334
3367
3335
3368
3336
3369
3337
3370
3338
3371
3339
3372
3340
3373
3341
3374
3342
3375
3343
3376
3344
3377
3345
3378
3346
3379
3347
3380
3348
3381
3349
3382
3350
3383
3351
3384
3352
3385
3353
3386
3354
3387
3355
3388
3356
3389
3357
3390
3358
3391
3359
3392
3360
3393
3361
3394
3362
3395
3363
3396
3364
3397
3365
3398
3399
3367
3400
3368
3401
3369
3402
3370
3403
3371
3404
3372
3405
3373
3406
3374
3407
3375
3408
3376
3409
3377
3410
3378
3411
3379
3412
3380
3413
3381
3414
3382
3415
3383
3416
3384
3417
3385
3418
3386
3419
3387
3420
3388
3421
3389
3422
3390
3423
3391
3424
3392
3425
3393
3426
3394
3427
3395
3428
3396
3429
3397
3430
3398
3431
3399
3432
3433
3401
3434
3402
3435
3403
3436
3404
3437
3405
3438
3406
3439
3407
3440
3408
3441
3409
3442
3410
3443
3411
3444
3412
3445
3413
3446
3414
3447
3415
3448
3416
3449
3417
3450
3418
3451
3419
3452
3420
3453
3421
3454
3422
3455
3423
3456
3424
3457
3425
3458
3426
3459
3427
3460
3428
3461
3429
3462
3430
3463
3431
3464
3432
3465
3433
3466
3467
3435
3468
3436
3469
3437
3470
3438
3471
3439
3472
3440
3473
3441
3474
3442
3475
3443
3476
3444
3477
3445
3478
3446
3479
3447
3480
3448
3481
3449
3482
3450
3483
3451
3484
3452
3485
3453
3486
3454
3487
3455
3488
3456
3489
3457
3490
3458
3491
3459
3492
3460
3493
3461
3494
3462
3495
3463
3496
3464
3497
3465
3498
3466
3499
3467
3500
3501
3469
3502
3470
3503
3471
3504
3472
3505
3473
3506
3474
3507
3475
3508
3476
3509
3477
3510
3478
3511
3479
3512
3480
3513
3481
3514
3482
3515
3483
3516
3484
3517
3485
3518
3486
3519
3487
3520
3488
3521
3489
3522
3490
3523
3491
3524
3492
3525
3493
3526
3494
3527
3495
3528
3496
3529
3497
3530
3498
3531
3499
3532
3500
3533
3501
3534
3535
3503
3536
3504
3537
3505
3538
3506
3539
3507
3540
3508
3541
3509
3542
3510
3543
3511
3544
3512
3545
3513
3546
3514
3547
3515
3548
3516
3549
3517
3550
3518
3551
3519
3552
3520
3553
3521
3554
3522
3555
3523
3556
3524
3557
3525
3558
3526
3559
3527
3560
3528
3561
3529
3562
3530
3563
3531
3564
3532
3565
3533
3566
3534
3567
3535
3568
3569
3537
3570
3538
3571
3539
3572
3540
3573
3541
3574
3542
3575
3543
3576
3544
3577
3545
3578
3546
3579
3547
3580
3548
3581
3549
3582
3550
3583
3551
3584
3552
3585
3553
3586
3554
3587
3555
3588
3556
3589
3557
3590
3558
3591
3559
3592
3560
3593
3561
3594
3562
3595
3563
3596
3564
3597
3565
3598
3566
3599
3567
3600
3568
3601
3569
3602
3603
3571
3604
3572
3605
3573
3606
3574
3607
3575
3608
3576
3609
3577
3610
3578
3611
3579
3612
3580
3613
3581
3614
3582
3615
3583
3616
3584
3617
3585
3618
3586
3619
3587
3620
3588
3621
3589
3622
3590
3623
3591
3624
3592
3625
3593
3626
3594
3627
3595
3628
3596
3629
3597
3630
3598
3631
3599
3632
3600
3633
3601
3634
3602
3635
3603
3636
3637
3605
3638
3606
3639
3607
3640
3608
3641
3609
3642
3610
3643
3611
3644
3612
3645
3613
3646
3614
3647
3615
3648
3616
3649
3617
3650
3618
3651
3619
3652
3620
3653
3621
3654
3622
3655
3623
3656
3624
3657
3625
3658
3626
3659
3627
3660
3628
3661
3629
3662
3630
3663
3631
3664
3632
3665
3633
3666
3634
3667
3635
3668
3636
3669
3637
3670
3671
3639
3672
3640
3673
3641
3674
3642
3675
3643
3676
3644
3677
3645
3678
3646
3679
3647
3680
3648
3681
3649
3682
3650
3683
3651
3684
3652
3685
3653
3686
3654
3687
3655
3688
3656
3689
3657
3690
3658
3691
3659
3692
3660
3693
3661
3694
3662
3695
3663
3696
3664
3697
3665
3698
3666
3699
3667
3700
3668
3701
3669
3702
3670
3703
3671
3704
3705
3673
3706
3674
3707
3675
3708
3676
3709
3677
3710
3678
3711
3679
3712
3680
3713
3681
3714
3682
3715
3683
3716
3684
3717
3685
3718
3686
3719
3687
3720
3688
3721
3689
3722
3690
3723
3691
3724
3692
3725
3693
3726
3694
3727
3695
3728
3696
3729
3697
3730
3698
3731
3699
3732
3700
3733
3701
3734
3702
3735
3703
3736
3704
3737
3705
3738
3739
3707
3740
3708
3741
3709
3742
3710
3743
3711
3744
3712
3745
3713
3746
3714
3747
3715
3748
3716
3749
3717
3750
3718
3751
3719
3752
3720
3753
3721
3754
3722
3755
3723
3756
3724
3757
3725
3758
3726
3759
3727
3760
3728
3761
3729
3762
3730
3763
3731
3764
3732
3765
3733
3766
3734
3767
3735
3768
3736
3769
3737
3770
3738
3771
3739
3772
3773
3741
3774
3742
3775
3743
3776
3744
3777
3745
3778
3746
3779
3747
3780
3748
3781
3749
3782
3750
3783
3751
3784
3752
3785
3753
3786
3754
3787
3755
3788
3756
3789
3757
3790
3758
3791
3759
3792
3760
3793
3761
3794
3762
3795
3763
3796
3764
3797
3765
3798
3766
3799
3767
3800
3768
3801
3769
3802
3770
3803
3771
3804
3772
3805
3773
3806
3807
3775
3808
3776
3809
3777
3810
3778
3811
3779
3812
3780
3813
3781
3814
3782
3815
3783
3816
3784
3817
3785
3818
3786
3819
3787
3820
3788
3821
3789
3822
3790
3823
3791
3824
3792
3825
3793
3826
3794
3827
3795
3828
3796
3829
3797
3830
3798
3831
3799
3832
3800
3833
3801
3834
3802
3835
3803
3836
3804
3837
3805
3838
3806
3839
3807
3840
3841
3809
3842
3810
3843
3811
3844
3812
3845
3813
3846
3814
3847
3815
3848
3816
3849
3817
3850
3818
3851
3819
3852
3820
3853
3821
3854
3822
3855
3823
3856
3824
3857
3825
3858
3826
3859
3827
3860
3828
3861
3829
3862
3830
3863
3831
3864
3832
3865
3833
3866
3834
3867
3835
3868
3836
3869
3837
3870
3838
3871
3839
3872
3840
3873
3841
3874
3875
3843
3876
3844
3877
3845
3878
3846
3879
3847
3880
3848
3881
3849
3882
3850
3883
3851
3884
3852
3885
3853
3886
3854
3887
3855
3888
3856
3889
3857
3890
3858
3891
3859
3892
3860
3893
3861
3894
3862
3895
3863
3896
3864
3897
3865
3898
3866
3899
3867
3900
3868
3901
3869
3902
3870
3903
3871
3904
3872
3905
3873
3906
3874
3907
3875
3908
3909
3877
3910
3878
3911
3879
3912
3880
3913
3881
3914
3882
3915
3883
3916
3884
3917
3885
3918
3886
3919
3887
3920
3888
3921
3889
3922
3890
3923
3891
3924
3892
3925
3893
3926
3894
3927
3895
3928
3896
3929
3897
3930
3898
3931
3899
3932
3900
3933
3901
3934
3902
3935
3903
3936
3904
3937
3905
3938
3906
3939
3907
3940
3908
3941
3909
3942
3943
3911
3944
3912
3945
3913
3946
3914
3947
3915
3948
3916
3949
3917
3950
3918
3951
3919
3952
3920
3953
3921
3954
3922
3955
3923
3956
3924
3957
3925
3958
3926
3959
3927
3960
3928
3961
3929
3962
3930
3963
3931
3964
3932
3965
3933
3966
3934
3967
3935
3968
3936
3969
3937
3970
3938
3971
3939
3972
3940
3973
3941
3974
3942
3975
3943
3976
3977
3945
3978
3946
3979
3947
3980
3948
3981
3949
3982
3950
3983
3951
3984
3952
3985
3953
3986
3954
3987
3955
3988
3956
3989
3957
3990
3958
3991
3959
3992
3960
3993
3961
3994
3962
3995
3963
3996
3964
3997
3965
3998
3966
3999
3967
4000
3968
4001
3969
4002
3970
4003
3971
4004
3972
4005
3973
4006
3974
4007
3975
4008
3976
4009
3977
4010
4011
3979
4012
3980
4013
3981
4014
3982
4015
3983
4016
3984
4017
3985
4018
3986
4019
3987
4020
3988
4021
3989
4022
3990
4023
3991
4024
3992
4025
3993
4026
3994
4027
3995
4028
3996
4029
3997
4030
3998
4031
3999
4032
4000
4033
4001
4034
4002
4035
4003
4036
4004
4037
4005
4038
4006
4039
4007
4040
4008
4041
4009
4042
4010
4043
4011
4044
4045
4013
4046
4014
4047
4015
4048
4016
4049
4017
4050
4018
4051
4019
4052
4020
4053
4021
4054
4022
4055
4023
4056
4024
4057
4025
4058
4026
4059
4027
4060
4028
4061
4029
4062
4030
4063
4031
4064
4032
4065
4033
4066
4034
4067
4035
4068
4036
4069
4037
4070
4038
4071
4039
4072
4040
4073
4041
4074
4042
4075
4043
4076
4044
4077
4045
4078
4079
4047
4080
4048
4081
4049
4082
4050
4083
4051
4084
4052
4085
4053
4086
4054
4087
4055
4088
4056
4089
4057
4090
4058
4091
4059
4092
4060
4093
4061
4094
4062
4095
4063
4096
4064
4097
4065
4098
4066
4099
4067
4100
4068
4101
4069
4102
4070
4103
4071
4104
4072
4105
4073
4106
4074
4107
4075
4108
4076
4109
4077
4110
4078
4111
4079
4112
4113
4081
4114
4082
4115
4083
4116
4084
4117
4085
4118
4086
4119
4087
4120
4088
4121
4089
4122
4090
4123
4091
4124
4092
4125
4093
4126
4094
4127
4095
4128
4096
4129
4097
4130
4098
4131
4099
4132
4100
4133
4101
4134
4102
4135
4103
4136
4104
4137
4105
4138
4106
4139
4107
4140
4108
4141
4109
4142
4110
4143
4111
4144
4112
4145
4113
4146
4147
4115
4148
4116
4149
4117
4150
4118
4151
4119
4152
4120
4153
4121
4154
4122
4155
4123
4156
4124
4157
4125
4158
4126
4159
4127
4160
4128
4161
4129
4162
4130
4163
4131
4164
4132
4165
4133
4166
4134
4167
4135
4168
4136
4169
4137
4170
4138
4171
4139
4172
4140
4173
4141
4174
4142
4175
4143
4176
4144
4177
4145
4178
4146
4179
4147
4180
4181
4149
4182
4150
4183
4151
4184
4152
4185
4153
4186
4154
4187
4155
4188
4156
4189
4157
4190
4158
4191
4159
4192
4160
4193
4161
4194
4162
4195
4163
4196
4164
4197
4165
4198
4166
4199
4167
4200
4168
4201
4169
4202
4170
4203
4171
4204
4172
4205
4173
4206
4174
4207
4175
4208
4176
4209
4177
4210
4178
4211
4179
4212
4180
4213
4181
4214
4215
4183
4216
4184
4217
4185
4218
4186
4219
4187
4220
4188
4221
4189
4222
4190
4223
4191
4224
4192
4225
4193
4226
4194
4227
4195
4228
4196
4229
4197
4230
4198
4231
4199
4232
4200
4233
4201
4234
4202
4235
4203
4236
4204
4237
4205
4238
4206
4239
4207
4240
4208
4241
4209
4242
4210
4243
4211
4244
4212
4245
4213
4246
4214
4247
4215
4248
4249
4217
4250
4218
4251
4219
4252
4220
4253
4221
4254
4222
4255
4223
4256
4224
4257
4225
4258
4226
4259
4227
4260
4228
4261
4229
4262
4230
4263
4231
4264
4232
4265
4233
4266
4234
4267
4235
4268
4236
4269
4237
4270
4238
4271
4239
4272
4240
4273
4241
4274
4242
4275
4243
4276
4244
4277
4245
4278
4246
4279
4247
4280
4248
4281
4249
4282
4283
4251
4284
4252
4285
4253
4286
4254
4287
4255
4288
4256
4289
4257
4290
4258
4291
4259
4292
4260
4293
4261
4294
4262
4295
4263
4296
4264
4297
4265
4298
4266
4299
4267
4300
4268
4301
4269
4302
4270
4303
4271
4304
4272
4305
4273
4306
4274
4307
4275
4308
4276
4309
4277
4310
4278
4311
4279
4312
4280
4313
4281
4314
4282
4315
4283
4316
4317
4285
4318
4286
4319
4287
4320
4288
4321
4289
4322
4290
4323
4291
4324
4292
4325
4293
4326
4294
4327
4295
4328
4296
4329
4297
4330
4298
4331
4299
4332
4300
4333
4301
4334
4302
4335
4303
4336
4304
4337
4305
4338
4306
4339
4307
4340
4308
4341
4309
4342
4310
4343
4311
4344
4312
4345
4313
4346
4314
4347
4315
4348
4316
4349
4317
4350
4351
4319
4352
4320
4353
4321
4354
4322
4355
4323
4356
4324
4357
4325
4358
4326
4359
4327
4360
4328
4361
4329
4362
4330
4363
4331
4364
4332
4365
4333
4366
4334
4367
4335
4368
4336
4369
4337
4370
4338
4371
4339
4372
4340
4373
4341
4374
4342
4375
4343
4376
4344
4377
4345
4378
4346
4379
4347
4380
4348
4381
4349
4382
4350
4383
4351
4384
4385
4353
4386
4354
4387
4355
4388
4356
4389
4357
4390
4358
4391
4359
4392
4360
4393
4361
4394
4362
4395
4363
4396
4364
4397
4365
4398
4366
4399
4367
4400
4368
4401
4369
4402
4370
4403
4371
4404
4372
4405
4373
4406
4374
4407
4375
4408
4376
4409
4377
4410
4378
4411
4379
4412
4380
4413
4381
4414
4382
4415
4383
4416
4384
4417
4385
4418
4419
4387
4420
4388
4421
4389
4422
4390
4423
4391
4424
4392
4425
4393
4426
4394
4427
4395
4428
4396
4429
4397
4430
4398
4431
4399
4432
4400
4433
4401
4434
4402
4435
4403
4436
4404
4437
4405
4438
4406
4439
4407
4440
4408
4441
4409
4442
4410
4443
4411
4444
4412
4445
4413
4446
4414
4447
4415
4448
4416
4449
4417
4450
4418
4451
4419
4452
4453
4421
4454
4422
4455
4423
4456
4424
4457
4425
4458
4426
4459
4427
4460
4428
4461
4429
4462
4430
4463
4431
4464
4432
4465
4433
4466
4434
4467
4435
4468
4436
4469
4437
4470
4438
4471
4439
4472
4440
4473
4441
4474
4442
4475
4443
4476
4444
4477
4445
4478
4446
4479
4447
4480
4448
4481
4449
4482
4450
4483
4451
4484
4452
4485
4453
4486
4487
4455
4488
4456
4489
4457
4490
4458
4491
4459
4492
4460
4493
4461
4494
4462
4495
4463
4496
4464
4497
4465
4498
4466
4499
4467
4500
4468
4501
4469
4502
4470
4503
4471
4504
4472
4505
4473
4506
4474
4507
4475
4508
4476
4509
4477
4510
4478
4511
4479
4512
4480
4513
4481
4514
4482
4515
4483
4516
4484
4517
4485
4518
4486
4519
4487
4520
4521
4489
4522
4490
4523
4491
4524
4492
4525
4493
4526
4494
4527
4495
4528
4496
4529
4497
4530
4498
4531
4499
4532
4500
4533
4501
4534
4502
4535
4503
4536
4504
4537
4505
4538
4506
4539
4507
4540
4508
4541
4509
4542
4510
4543
4511
4544
4512
4545
4513
4546
4514
4547
4515
4548
4516
4549
4517
4550
4518
4551
4519
4552
4520
4553
4521
4554
4555
4523
4556
4524
4557
4525
4558
4526
4559
4527
4560
4528
4561
4529
4562
4530
4563
4531
4564
4532
4565
4533
4566
4534
4567
4535
4568
4536
4569
4537
4570
4538
4571
4539
4572
4540
4573
4541
4574
4542
4575
4543
4576
4544
4577
4545
4578
4546
4579
4547
4580
4548
4581
4549
4582
4550
4583
4551
4584
4552
4585
4553
4586
4554
4587
4555
4588
4589
4557
4590
4558
4591
4559
4592
4560
4593
4561
4594
4562
4595
4563
4596
4564
4597
4565
4598
4566
4599
4567
4600
4568
4601
4569
4602
4570
4603
4571
4604
4572
4605
4573
4606
4574
4607
4575
4608
4576
4609
4577
4610
4578
4611
4579
4612
4580
4613
4581
4614
4582
4615
4583
4616
4584
4617
4585
4618
4586
4619
4587
4620
4588
4621
4589
4622
4623
4591
4624
4592
4625
4593
4626
4594
4627
4595
4628
4596
4629
4597
4630
4598
4631
4599
4632
4600
4633
4601
4634
4602
4635
4603
4636
4604
4637
4605
4638
4606
4639
4607
4640
4608
4641
4609
4642
4610
4643
4611
4644
4612
4645
4613
4646
4614
4647
4615
4648
4616
4649
4617
4650
4618
4651
4619
4652
4620
4653
4621
4654
4622
4655
4623
4656
4657
4625
4658
4626
4659
4627
4660
4628
4661
4629
4662
4630
4663
4631
4664
4632
4665
4633
4666
4634
4667
4635
4668
4636
4669
4637
4670
4638
4671
4639
4672
4640
4673
4641
4674
4642
4675
4643
4676
4644
4677
4645
4678
4646
4679
4647
4680
4648
4681
4649
4682
4650
4683
4651
4684
4652
4685
4653
4686
4654
4687
4655
4688
4656
4689
4657
4690
4691
4659
4692
4660
4693
4661
4694
4662
4695
4663
4696
4664
4697
4665
4698
4666
4699
4667
4700
4668
4701
4669
4702
4670
4703
4671
4704
4672
4705
4673
4706
4674
4707
4675
4708
4676
4709
4677
4710
4678
4711
4679
4712
4680
4713
4681
4714
4682
4715
4683
4716
4684
4717
4685
4718
4686
4719
4687
4720
4688
4721
4689
4722
4690
4723
4691
4724
4725
4693
4726
4694
4727
4695
4728
4696
4729
4697
4730
4698
4731
4699
4732
4700
4733
4701
4734
4702
4735
4703
4736
4704
4737
4705
4738
4706
4739
4707
4740
4708
4741
4709
4742
4710
4743
4711
4744
4712
4745
4713
4746
4714
4747
4715
4748
4716
4749
4717
4750
4718
4751
4719
4752
4720
4753
4721
4754
4722
4755
4723
4756
4724
4757
4725
4758
4759
4727
4760
4728
4761
4729
4762
4730
4763
4731
4764
4732
4765
4733
4766
4734
4767
4735
4768
4736
4769
4737
4770
4738
4771
4739
4772
4740
4773
4741
4774
4742
4775
4743
4776
4744
4777
4745
4778
4746
4779
4747
4780
4748
4781
4749
4782
4750
4783
4751
4784
4752
4785
4753
4786
4754
4787
4755
4788
4756
4789
4757
4790
4758
4791
4759
4792
4793
4761
4794
4762
4795
4763
4796
4764
4797
4765
4798
4766
4799
4767
4800
4768
4801
4769
4802
4770
4803
4771
4804
4772
4805
4773
4806
4774
4807
4775
4808
4776
4809
4777
4810
4778
4811
4779
4812
4780
4813
4781
4814
4782
4815
4783
4816
4784
4817
4785
4818
4786
4819
4787
4820
4788
4821
4789
4822
4790
4823
4791
4824
4792
4825
4793
4826
4827
4795
4828
4796
4829
4797
4830
4798
4831
4799
4832
4800
4833
4801
4834
4802
4835
4803
4836
4804
4837
4805
4838
4806
4839
4807
4840
4808
4841
4809
4842
4810
4843
4811
4844
4812
4845
4813
4846
4814
4847
4815
4848
4816
4849
4817
4850
4818
4851
4819
4852
4820
4853
4821
4854
4822
4855
4823
4856
4824
4857
4825
4858
4826
4859
4827
4860
4861
4829
4862
4830
4863
4831
4864
4832
4865
4833
4866
4834
4867
4835
4868
4836
4869
4837
4870
4838
4871
4839
4872
4840
4873
4841
4874
4842
4875
4843
4876
4844
4877
4845
4878
4846
4879
4847
4880
4848
4881
4849
4882
4850
4883
4851
4884
4852
4885
4853
4886
4854
4887
4855
4888
4856
4889
4857
4890
4858
4891
4859
4892
4860
4893
4861
4894
4895
4863
4896
4864
4897
4865
4898
4866
4899
4867
4900
4868
4901
4869
4902
4870
4903
4871
4904
4872
4905
4873
4906
4874
4907
4875
4908
4876
4909
4877
4910
4878
4911
4879
4912
4880
4913
4881
4914
4882
4915
4883
4916
4884
4917
4885
4918
4886
4919
4887
4920
4888
4921
4889
4922
4890
4923
4891
4924
4892
4925
4893
4926
4894
4927
4895
4928
4929
4897
4930
4898
4931
4899
4932
4900
4933
4901
4934
4902
4935
4903
4936
4904
4937
4905
4938
4906
4939
4907
4940
4908
4941
4909
4942
4910
4943
4911
4944
4912
4945
4913
4946
4914
4947
4915
4948
4916
4949
4917
4950
4918
4951
4919
4952
4920
4953
4921
4954
4922
4955
4923
4956
4924
4957
4925
4958
4926
4959
4927
4960
4928
4961
4929
4962
4963
4931
4964
4932
4965
4933
4966
4934
4967
4935
4968
4936
4969
4937
4970
4938
4971
4939
4972
4940
4973
4941
4974
4942
4975
4943
4976
4944
4977
4945
4978
4946
4979
4947
4980
4948
4981
4949
4982
4950
4983
4951
4984
4952
4985
4953
4986
4954
4987
4955
4988
4956
4989
4957
4990
4958
4991
4959
4992
4960
4993
4961
4994
4962
4995
4963
4996
4997
4965
4998
4966
4999
4967
5000
4968
5001
4969
5002
4970
5003
4971
5004
4972
5005
4973
5006
4974
5007
4975
5008
4976
5009
4977
5010
4978
5011
4979
5012
4980
5013
4981
5014
4982
5015
4983
5016
4984
5017
4985
5018
4986
5019
4987
5020
4988
5021
4989
5022
4990
5023
4991
5024
4992
5025
4993
5026
4994
5027
4995
5028
4996
5029
4997
5030
5031
4999
5032
5000
5033
5001
5034
5002
5035
5003
5036
5004
5037
5005
5038
5006
5039
5007
5040
5008
5041
5009
5042
5010
5043
5011
5044
5012
5045
5013
5046
5014
5047
5015
5048
5016
5049
5017
5050
5018
5051
5019
5052
5020
5053
5021
5054
5022
5055
5023
5056
5024
5057
5025
5058
5026
5059
5027
5060
5028
5061
5029
5062
5030
5063
5031
5064
5065
5033
5066
5034
5067
5035
5068
5036
5069
5037
5070
5038
5071
5039
5072
5040
5073
5041
5074
5042
5075
5043
5076
5044
5077
5045
5078
5046
5079
5047
5080
5048
5081
5049
5082
5050
5083
5051
5084
5052
5085
5053
5086
5054
5087
5055
5088
5056
5089
5057
5090
5058
5091
5059
5092
5060
5093
5061
5094
5062
5095
5063
5096
5064
5097
5065
5098
5099
5067
5100
5068
5101
5069
5102
5070
5103
5071
5104
5072
5105
5073
5106
5074
5107
5075
5108
5076
5109
5077
5110
5078
5111
5079
5112
5080
5113
5081
5114
5082
5115
5083
5116
5084
5117
5085
5118
5086
5119
5087
5120
5088
5121
5089
5122
5090
5123
5091
5124
5092
5125
5093
5126
5094
5127
5095
5128
5096
5129
5097
5130
5098
5131
5099
5132
5133
5101
5134
5102
5135
5103
5136
5104
5137
5105
5138
5106
5139
5107
5140
5108
5141
5109
5142
5110
5143
5111
5144
5112
5145
5113
5146
5114
5147
5115
5148
5116
5149
5117
5150
5118
5151
5119
5152
5120
5153
5121
5154
5122
5155
5123
5156
5124
5157
5125
5158
5126
5159
5127
5160
5128
5161
5129
5162
5130
5163
5131
5164
5132
5165
5133
5166
5167
5135
5168
5136
5169
5137
5170
5138
5171
5139
5172
5140
5173
5141
5174
5142
5175
5143
5176
5144
5177
5145
5178
5146
5179
5147
5180
5148
5181
5149
5182
5150
5183
5151
5184
5152
5185
5153
5186
5154
5187
5155
5188
5156
5189
5157
5190
5158
5191
5159
5192
5160
5193
5161
5194
5162
5195
5163
5196
5164
5197
5165
5198
5166
5199
5167
5200
5201
5169
5202
5170
5203
5171
5204
5172
5205
5173
5206
5174
5207
5175
5208
5176
5209
5177
5210
5178
5211
5179
5212
5180
5213
5181
5214
5182
5215
5183
5216
5184
5217
5185
5218
5186
5219
5187
5220
5188
5221
5189
5222
5190
5223
5191
5224
5192
5225
5193
5226
5194
5227
5195
5228
5196
5229
5197
5230
5198
5231
5199
5232
5200
5233
5201
5234
5235
5203
5236
5204
5237
5205
5238
5206
5239
5207
5240
5208
5241
5209
5242
5210
5243
5211
5244
5212
5245
5213
5246
5214
5247
5215
5248
5216
5249
5217
5250
5218
5251
5219
5252
5220
5253
5221
5254
5222
5255
5223
5256
5224
5257
5225
5258
5226
5259
5227
5260
5228
5261
5229
5262
5230
5263
5231
5264
5232
5265
5233
5266
5234
5267
5235
5268
5269
5237
5270
5238
5271
5239
5272
5240
5273
5241
5274
5242
5275
5243
5276
5244
5277
5245
5278
5246
5279
5247
5280
5248
5281
5249
5282
5250
5283
5251
5284
5252
5285
5253
5286
5254
5287
5255
5288
5256
5289
5257
5290
5258
5291
5259
5292
5260
5293
5261
5294
5262
5295
5263
5296
5264
5297
5265
5298
5266
5299
5267
5300
5268
5301
5269
5302
5303
5271
5304
5272
5305
5273
5306
5274
5307
5275
5308
5276
5309
5277
5310
5278
5311
5279
5312
5280
5313
5281
5314
5282
5315
5283
5316
5284
5317
5285
5318
5286
5319
5287
5320
5288
5321
5289
5322
5290
5323
5291
5324
5292
5325
5293
5326
5294
5327
5295
5328
5296
5329
5297
5330
5298
5331
5299
5332
5300
5333
5301
5334
5302
5335
5303
5336
5337
5305
5338
5306
5339
5307
5340
5308
5341
5309
5342
5310
5343
5311
5344
5312
5345
5313
5346
5314
5347
5315
5348
5316
5349
5317
5350
5318
5351
5319
5352
5320
5353
5321
5354
5322
5355
5323
5356
5324
5357
5325
5358
5326
5359
5327
5360
5328
5361
5329
5362
5330
5363
5331
5364
5332
5365
5333
5366
5334
5367
5335
5368
5336
5369
5337
5370
5371
5339
5372
5340
5373
5341
5374
5342
5375
5343
5376
5344
5377
5345
5378
5346
5379
5347
5380
5348
5381
5349
5382
5350
5383
5351
5384
5352
5385
5353
5386
5354
5387
5355
5388
5356
5389
5357
5390
5358
5391
5359
5392
5360
5393
5361
5394
5362
5395
5363
5396
5364
5397
5365
5398
5366
5399
5367
5400
5368
5401
5369
5402
5370
5403
5371
5404
5405
5373
5406
5374
5407
5375
5408
5376
5409
5377
5410
5378
5411
5379
5412
5380
5413
5381
5414
5382
5415
5383
5416
5384
5417
5385
5418
5386
5419
5387
5420
5388
5421
5389
5422
5390
5423
5391
5424
5392
5425
5393
5426
5394
5427
5395
5428
5396
5429
5397
5430
5398
5431
5399
5432
5400
5433
5401
5434
5402
5435
5403
5436
5404
5437
5405
5438
5439
5407
5440
5408
5441
5409
5442
5410
5443
5411
5444
5412
5445
5413
5446
5414
5447
5415
5448
5416
5449
5417
5450
5418
5451
5419
5452
5420
5453
5421
5454
5422
5455
5423
5456
5424
5457
5425
5458
5426
5459
5427
5460
5428
5461
5429
5462
5430
5463
5431
5464
5432
5465
5433
5466
5434
5467
5435
5468
5436
5469
5437
5470
5438
5471
5439
5472
5473
5441
5474
5442
5475
5443
5476
5444
5477
5445
5478
5446
5479
5447
5480
5448
5481
5449
5482
5450
5483
5451
5484
5452
5485
5453
5486
5454
5487
5455
5488
5456
5489
5457
5490
5458
5491
5459
5492
5460
5493
5461
5494
5462
5495
5463
5496
5464
5497
5465
5498
5466
5499
5467
5500
5468
5501
5469
5502
5470
5503
5471
5504
5472
5505
5473
5506
5507
5475
5508
5476
5509
5477
5510
5478
5511
5479
5512
5480
5513
5481
5514
5482
5515
5483
5516
5484
5517
5485
5518
5486
5519
5487
5520
5488
5521
5489
5522
5490
5523
5491
5524
5492
5525
5493
5526
5494
5527
5495
5528
5496
5529
5497
5530
5498
5531
5499
5532
5500
5533
5501
5534
5502
5535
5503
5536
5504
5537
5505
5538
5506
5539
5507
5540
5541
5509
5542
5510
5543
5511
5544
5512
5545
5513
5546
5514
5547
5515
5548
5516
5549
5517
5550
5518
5551
5519
5552
5520
5553
5521
5554
5522
5555
5523
5556
5524
5557
5525
5558
5526
5559
5527
5560
5528
5561
5529
5562
5530
5563
5531
5564
5532
5565
5533
5566
5534
5567
5535
5568
5536
5569
5537
5570
5538
5571
5539
5572
5540
5573
5541
5574
5575
5543
5576
5544
5577
5545
5578
5546
5579
5547
5580
5548
5581
5549
5582
5550
5583
5551
5584
5552
5585
5553
5586
5554
5587
5555
5588
5556
5589
5557
5590
5558
5591
5559
5592
5560
5593
5561
5594
5562
5595
5563
5596
5564
5597
5565
5598
5566
5599
5567
5600
5568
5601
5569
5602
5570
5603
5571
5604
5572
5605
5573
5606
5574
5607
5575
5608
5609
5577
5610
5578
5611
5579
5612
5580
5613
5581
5614
5582
5615
5583
5616
5584
5617
5585
5618
5586
5619
5587
5620
5588
5621
5589
5622
5590
5623
5591
5624
5592
5625
5593
5626
5594
5627
5595
5628
5596
5629
5597
5630
5598
5631
5599
5632
5600
5633
5601
5634
5602
5635
5603
5636
5604
5637
5605
5638
5606
5639
5607
5640
5608
5641
5609
5642
5643
5611
5644
5612
5645
5613
5646
5614
5647
5615
5648
5616
5649
5617
5650
5618
5651
5619
5652
5620
5653
5621
5654
5622
5655
5623
5656
5624
5657
5625
5658
5626
5659
5627
5660
5628
5661
5629
5662
5630
5663
5631
5664
5632
5665
5633
5666
5634
5667
5635
5668
5636
5669
5637
5670
5638
5671
5639
5672
5640
5673
5641
5674
5642
5675
5643
5676
5677
5645
5678
5646
5679
5647
5680
5648
5681
5649
5682
5650
5683
5651
5684
5652
5685
5653
5686
5654
5687
5655
5688
5656
5689
5657
5690
5658
5691
5659
5692
5660
5693
5661
5694
5662
5695
5663
5696
5664
5697
5665
5698
5666
5699
5667
5700
5668
5701
5669
5702
5670
5703
5671
5704
5672
5705
5673
5706
5674
5707
5675
5708
5676
5709
5677
5710
5711
5679
5712
5680
5713
5681
5714
5682
5715
5683
5716
5684
5717
5685
5718
5686
5719
5687
5720
5688
5721
5689
5722
5690
5723
5691
5724
5692
5725
5693
5726
5694
5727
5695
5728
5696
5729
5697
5730
5698
5731
5699
5732
5700
5733
5701
5734
5702
5735
5703
5736
5704
5737
5705
5738
5706
5739
5707
5740
5708
5741
5709
5742
5710
5743
5711
5744
5745
5713
5746
5714
5747
5715
5748
5716
5749
5717
5750
5718
5751
5719
5752
5720
5753
5721
5754
5722
5755
5723
5756
5724
5757
5725
5758
5726
5759
5727
5760
5728
5761
5729
5762
5730
5763
5731
5764
5732
5765
5733
5766
5734
5767
5735
5768
5736
5769
5737
5770
5738
5771
5739
5772
5740
5773
5741
5774
5742
5775
5743
5776
5744
5777
5745
5778
5779
5747
5780
5748
5781
5749
5782
5750
5783
5751
5784
5752
5785
5753
5786
5754
5787
5755
5788
5756
5789
5757
5790
5758
5791
5759
5792
5760
5793
5761
5794
5762
5795
5763
5796
5764
5797
5765
5798
5766
5799
5767
5800
5768
5801
5769
5802
5770
5803
5771
5804
5772
5805
5773
5806
5774
5807
5775
5808
5776
5809
5777
5810
5778
5811
5779
5812
5813
5781
5814
5782
5815
5783
5816
5784
5817
5785
5818
5786
5819
5787
5820
5788
5821
5789
5822
5790
5823
5791
5824
5792
5825
5793
5826
5794
5827
5795
5828
5796
5829
5797
5830
5798
5831
5799
5832
5800
5833
5801
5834
5802
5835
5803
5836
5804
5837
5805
5838
5806
5839
5807
5840
5808
5841
5809
5842
5810
5843
5811
5844
5812
5845
5813
5846
5847
5815
5848
5816
5849
5817
5850
5818
5851
5819
5852
5820
5853
5821
5854
5822
5855
5823
5856
5824
5857
5825
5858
5826
5859
5827
5860
5828
5861
5829
5862
5830
5863
5831
5864
5832
5865
5833
5866
5834
5867
5835
5868
5836
5869
5837
5870
5838
5871
5839
5872
5840
5873
5841
5874
5842
5875
5843
5876
5844
5877
5845
5878
5846
5879
5847
5880
5881
5849
5882
5850
5883
5851
5884
5852
5885
5853
5886
5854
5887
5855
5888
5856
5889
5857
5890
5858
5891
5859
5892
5860
5893
5861
5894
5862
5895
5863
5896
5864
5897
5865
5898
5866
5899
5867
5900
5868
5901
5869
5902
5870
5903
5871
5904
5872
5905
5873
5906
5874
5907
5875
5908
5876
5909
5877
5910
5878
5911
5879
5912
5880
5913
5881
5914
5915
5883
5916
5884
5917
5885
5918
5886
5919
5887
5920
5888
5921
5889
5922
5890
5923
5891
5924
5892
5925
5893
5926
5894
5927
5895
5928
5896
5929
5897
5930
5898
5931
5899
5932
5900
5933
5901
5934
5902
5935
5903
5936
5904
5937
5905
5938
5906
5939
5907
5940
5908
5941
5909
5942
5910
5943
5911
5944
5912
5945
5913
5946
5914
5947
5915
5948
5949
5917
5950
5918
5951
5919
5952
5920
5953
5921
5954
5922
5955
5923
5956
5924
5957
5925
5958
5926
5959
5927
5960
5928
5961
5929
5962
5930
5963
5931
5964
5932
5965
5933
5966
5934
5967
5935
5968
5936
5969
5937
5970
5938
5971
5939
5972
5940
5973
5941
5974
5942
5975
5943
5976
5944
5977
5945
5978
5946
5979
5947
5980
5948
5981
5949
5982
5983
5951
5984
5952
5985
5953
5986
5954
5987
5955
5988
5956
5989
5957
5990
5958
5991
5959
5992
5960
5993
5961
5994
5962
5995
5963
5996
5964
5997
5965
5998
5966
5999
5967
6000
5968
6001
5969
6002
5970
6003
5971
6004
5972
6005
5973
6006
5974
6007
5975
6008
5976
6009
5977
6010
5978
6011
5979
6012
5980
6013
5981
6014
5982
6015
5983
6016
6017
5985
5986
5987
5988
5989
5990
5991
5992
5993
5994
5995
5996
5997
5998
5999
6000
6001
6002
6003
6004
6005
6006
6007
6008
6009
6010
6011
6012
6013
6014
6015
6016
6017
)


// ************************************************************************* //
