/*--------------------------------*- C++ -*----------------------------------*\
| =========                 |                                                 |
| \\      /  F ield         | OpenFOAM: The Open Source CFD Toolbox           |
|  \\    /   O peration     | Version:  v1812                                 |
|   \\  /    A nd           | Web:      www.OpenFOAM.com                      |
|    \\/     M anipulation  |                                                 |
\*---------------------------------------------------------------------------*/
FoamFile
{
    version     2.0;
    format      ascii;
    class       labelList;
    note        "nPoints: 6498 nCells: 3136 nFaces: 12656 nInternalFaces: 6160";
    location    "constant/polyMesh";
    object      neighbour;
}
// * * * * * * * * * * * * * * * * * * * * * * * * * * * * * * * * * * * * * //


6160
(
1
56
2
57
3
58
4
59
5
60
6
61
7
62
8
63
9
64
10
65
11
66
12
67
13
68
14
69
15
70
16
71
17
72
18
73
19
74
20
75
21
76
22
77
23
78
24
79
25
80
26
81
27
82
28
83
29
84
30
85
31
86
32
87
33
88
34
89
35
90
36
91
37
92
38
93
39
94
40
95
41
96
42
97
43
98
44
99
45
100
46
101
47
102
48
103
49
104
50
105
51
106
52
107
53
108
54
109
55
110
111
57
112
58
113
59
114
60
115
61
116
62
117
63
118
64
119
65
120
66
121
67
122
68
123
69
124
70
125
71
126
72
127
73
128
74
129
75
130
76
131
77
132
78
133
79
134
80
135
81
136
82
137
83
138
84
139
85
140
86
141
87
142
88
143
89
144
90
145
91
146
92
147
93
148
94
149
95
150
96
151
97
152
98
153
99
154
100
155
101
156
102
157
103
158
104
159
105
160
106
161
107
162
108
163
109
164
110
165
111
166
167
113
168
114
169
115
170
116
171
117
172
118
173
119
174
120
175
121
176
122
177
123
178
124
179
125
180
126
181
127
182
128
183
129
184
130
185
131
186
132
187
133
188
134
189
135
190
136
191
137
192
138
193
139
194
140
195
141
196
142
197
143
198
144
199
145
200
146
201
147
202
148
203
149
204
150
205
151
206
152
207
153
208
154
209
155
210
156
211
157
212
158
213
159
214
160
215
161
216
162
217
163
218
164
219
165
220
166
221
167
222
223
169
224
170
225
171
226
172
227
173
228
174
229
175
230
176
231
177
232
178
233
179
234
180
235
181
236
182
237
183
238
184
239
185
240
186
241
187
242
188
243
189
244
190
245
191
246
192
247
193
248
194
249
195
250
196
251
197
252
198
253
199
254
200
255
201
256
202
257
203
258
204
259
205
260
206
261
207
262
208
263
209
264
210
265
211
266
212
267
213
268
214
269
215
270
216
271
217
272
218
273
219
274
220
275
221
276
222
277
223
278
279
225
280
226
281
227
282
228
283
229
284
230
285
231
286
232
287
233
288
234
289
235
290
236
291
237
292
238
293
239
294
240
295
241
296
242
297
243
298
244
299
245
300
246
301
247
302
248
303
249
304
250
305
251
306
252
307
253
308
254
309
255
310
256
311
257
312
258
313
259
314
260
315
261
316
262
317
263
318
264
319
265
320
266
321
267
322
268
323
269
324
270
325
271
326
272
327
273
328
274
329
275
330
276
331
277
332
278
333
279
334
335
281
336
282
337
283
338
284
339
285
340
286
341
287
342
288
343
289
344
290
345
291
346
292
347
293
348
294
349
295
350
296
351
297
352
298
353
299
354
300
355
301
356
302
357
303
358
304
359
305
360
306
361
307
362
308
363
309
364
310
365
311
366
312
367
313
368
314
369
315
370
316
371
317
372
318
373
319
374
320
375
321
376
322
377
323
378
324
379
325
380
326
381
327
382
328
383
329
384
330
385
331
386
332
387
333
388
334
389
335
390
391
337
392
338
393
339
394
340
395
341
396
342
397
343
398
344
399
345
400
346
401
347
402
348
403
349
404
350
405
351
406
352
407
353
408
354
409
355
410
356
411
357
412
358
413
359
414
360
415
361
416
362
417
363
418
364
419
365
420
366
421
367
422
368
423
369
424
370
425
371
426
372
427
373
428
374
429
375
430
376
431
377
432
378
433
379
434
380
435
381
436
382
437
383
438
384
439
385
440
386
441
387
442
388
443
389
444
390
445
391
446
447
393
448
394
449
395
450
396
451
397
452
398
453
399
454
400
455
401
456
402
457
403
458
404
459
405
460
406
461
407
462
408
463
409
464
410
465
411
466
412
467
413
468
414
469
415
470
416
471
417
472
418
473
419
474
420
475
421
476
422
477
423
478
424
479
425
480
426
481
427
482
428
483
429
484
430
485
431
486
432
487
433
488
434
489
435
490
436
491
437
492
438
493
439
494
440
495
441
496
442
497
443
498
444
499
445
500
446
501
447
502
503
449
504
450
505
451
506
452
507
453
508
454
509
455
510
456
511
457
512
458
513
459
514
460
515
461
516
462
517
463
518
464
519
465
520
466
521
467
522
468
523
469
524
470
525
471
526
472
527
473
528
474
529
475
530
476
531
477
532
478
533
479
534
480
535
481
536
482
537
483
538
484
539
485
540
486
541
487
542
488
543
489
544
490
545
491
546
492
547
493
548
494
549
495
550
496
551
497
552
498
553
499
554
500
555
501
556
502
557
503
558
559
505
560
506
561
507
562
508
563
509
564
510
565
511
566
512
567
513
568
514
569
515
570
516
571
517
572
518
573
519
574
520
575
521
576
522
577
523
578
524
579
525
580
526
581
527
582
528
583
529
584
530
585
531
586
532
587
533
588
534
589
535
590
536
591
537
592
538
593
539
594
540
595
541
596
542
597
543
598
544
599
545
600
546
601
547
602
548
603
549
604
550
605
551
606
552
607
553
608
554
609
555
610
556
611
557
612
558
613
559
614
615
561
616
562
617
563
618
564
619
565
620
566
621
567
622
568
623
569
624
570
625
571
626
572
627
573
628
574
629
575
630
576
631
577
632
578
633
579
634
580
635
581
636
582
637
583
638
584
639
585
640
586
641
587
642
588
643
589
644
590
645
591
646
592
647
593
648
594
649
595
650
596
651
597
652
598
653
599
654
600
655
601
656
602
657
603
658
604
659
605
660
606
661
607
662
608
663
609
664
610
665
611
666
612
667
613
668
614
669
615
670
671
617
672
618
673
619
674
620
675
621
676
622
677
623
678
624
679
625
680
626
681
627
682
628
683
629
684
630
685
631
686
632
687
633
688
634
689
635
690
636
691
637
692
638
693
639
694
640
695
641
696
642
697
643
698
644
699
645
700
646
701
647
702
648
703
649
704
650
705
651
706
652
707
653
708
654
709
655
710
656
711
657
712
658
713
659
714
660
715
661
716
662
717
663
718
664
719
665
720
666
721
667
722
668
723
669
724
670
725
671
726
727
673
728
674
729
675
730
676
731
677
732
678
733
679
734
680
735
681
736
682
737
683
738
684
739
685
740
686
741
687
742
688
743
689
744
690
745
691
746
692
747
693
748
694
749
695
750
696
751
697
752
698
753
699
754
700
755
701
756
702
757
703
758
704
759
705
760
706
761
707
762
708
763
709
764
710
765
711
766
712
767
713
768
714
769
715
770
716
771
717
772
718
773
719
774
720
775
721
776
722
777
723
778
724
779
725
780
726
781
727
782
783
729
784
730
785
731
786
732
787
733
788
734
789
735
790
736
791
737
792
738
793
739
794
740
795
741
796
742
797
743
798
744
799
745
800
746
801
747
802
748
803
749
804
750
805
751
806
752
807
753
808
754
809
755
810
756
811
757
812
758
813
759
814
760
815
761
816
762
817
763
818
764
819
765
820
766
821
767
822
768
823
769
824
770
825
771
826
772
827
773
828
774
829
775
830
776
831
777
832
778
833
779
834
780
835
781
836
782
837
783
838
839
785
840
786
841
787
842
788
843
789
844
790
845
791
846
792
847
793
848
794
849
795
850
796
851
797
852
798
853
799
854
800
855
801
856
802
857
803
858
804
859
805
860
806
861
807
862
808
863
809
864
810
865
811
866
812
867
813
868
814
869
815
870
816
871
817
872
818
873
819
874
820
875
821
876
822
877
823
878
824
879
825
880
826
881
827
882
828
883
829
884
830
885
831
886
832
887
833
888
834
889
835
890
836
891
837
892
838
893
839
894
895
841
896
842
897
843
898
844
899
845
900
846
901
847
902
848
903
849
904
850
905
851
906
852
907
853
908
854
909
855
910
856
911
857
912
858
913
859
914
860
915
861
916
862
917
863
918
864
919
865
920
866
921
867
922
868
923
869
924
870
925
871
926
872
927
873
928
874
929
875
930
876
931
877
932
878
933
879
934
880
935
881
936
882
937
883
938
884
939
885
940
886
941
887
942
888
943
889
944
890
945
891
946
892
947
893
948
894
949
895
950
951
897
952
898
953
899
954
900
955
901
956
902
957
903
958
904
959
905
960
906
961
907
962
908
963
909
964
910
965
911
966
912
967
913
968
914
969
915
970
916
971
917
972
918
973
919
974
920
975
921
976
922
977
923
978
924
979
925
980
926
981
927
982
928
983
929
984
930
985
931
986
932
987
933
988
934
989
935
990
936
991
937
992
938
993
939
994
940
995
941
996
942
997
943
998
944
999
945
1000
946
1001
947
1002
948
1003
949
1004
950
1005
951
1006
1007
953
1008
954
1009
955
1010
956
1011
957
1012
958
1013
959
1014
960
1015
961
1016
962
1017
963
1018
964
1019
965
1020
966
1021
967
1022
968
1023
969
1024
970
1025
971
1026
972
1027
973
1028
974
1029
975
1030
976
1031
977
1032
978
1033
979
1034
980
1035
981
1036
982
1037
983
1038
984
1039
985
1040
986
1041
987
1042
988
1043
989
1044
990
1045
991
1046
992
1047
993
1048
994
1049
995
1050
996
1051
997
1052
998
1053
999
1054
1000
1055
1001
1056
1002
1057
1003
1058
1004
1059
1005
1060
1006
1061
1007
1062
1063
1009
1064
1010
1065
1011
1066
1012
1067
1013
1068
1014
1069
1015
1070
1016
1071
1017
1072
1018
1073
1019
1074
1020
1075
1021
1076
1022
1077
1023
1078
1024
1079
1025
1080
1026
1081
1027
1082
1028
1083
1029
1084
1030
1085
1031
1086
1032
1087
1033
1088
1034
1089
1035
1090
1036
1091
1037
1092
1038
1093
1039
1094
1040
1095
1041
1096
1042
1097
1043
1098
1044
1099
1045
1100
1046
1101
1047
1102
1048
1103
1049
1104
1050
1105
1051
1106
1052
1107
1053
1108
1054
1109
1055
1110
1056
1111
1057
1112
1058
1113
1059
1114
1060
1115
1061
1116
1062
1117
1063
1118
1119
1065
1120
1066
1121
1067
1122
1068
1123
1069
1124
1070
1125
1071
1126
1072
1127
1073
1128
1074
1129
1075
1130
1076
1131
1077
1132
1078
1133
1079
1134
1080
1135
1081
1136
1082
1137
1083
1138
1084
1139
1085
1140
1086
1141
1087
1142
1088
1143
1089
1144
1090
1145
1091
1146
1092
1147
1093
1148
1094
1149
1095
1150
1096
1151
1097
1152
1098
1153
1099
1154
1100
1155
1101
1156
1102
1157
1103
1158
1104
1159
1105
1160
1106
1161
1107
1162
1108
1163
1109
1164
1110
1165
1111
1166
1112
1167
1113
1168
1114
1169
1115
1170
1116
1171
1117
1172
1118
1173
1119
1174
1175
1121
1176
1122
1177
1123
1178
1124
1179
1125
1180
1126
1181
1127
1182
1128
1183
1129
1184
1130
1185
1131
1186
1132
1187
1133
1188
1134
1189
1135
1190
1136
1191
1137
1192
1138
1193
1139
1194
1140
1195
1141
1196
1142
1197
1143
1198
1144
1199
1145
1200
1146
1201
1147
1202
1148
1203
1149
1204
1150
1205
1151
1206
1152
1207
1153
1208
1154
1209
1155
1210
1156
1211
1157
1212
1158
1213
1159
1214
1160
1215
1161
1216
1162
1217
1163
1218
1164
1219
1165
1220
1166
1221
1167
1222
1168
1223
1169
1224
1170
1225
1171
1226
1172
1227
1173
1228
1174
1229
1175
1230
1231
1177
1232
1178
1233
1179
1234
1180
1235
1181
1236
1182
1237
1183
1238
1184
1239
1185
1240
1186
1241
1187
1242
1188
1243
1189
1244
1190
1245
1191
1246
1192
1247
1193
1248
1194
1249
1195
1250
1196
1251
1197
1252
1198
1253
1199
1254
1200
1255
1201
1256
1202
1257
1203
1258
1204
1259
1205
1260
1206
1261
1207
1262
1208
1263
1209
1264
1210
1265
1211
1266
1212
1267
1213
1268
1214
1269
1215
1270
1216
1271
1217
1272
1218
1273
1219
1274
1220
1275
1221
1276
1222
1277
1223
1278
1224
1279
1225
1280
1226
1281
1227
1282
1228
1283
1229
1284
1230
1285
1231
1286
1287
1233
1288
1234
1289
1235
1290
1236
1291
1237
1292
1238
1293
1239
1294
1240
1295
1241
1296
1242
1297
1243
1298
1244
1299
1245
1300
1246
1301
1247
1302
1248
1303
1249
1304
1250
1305
1251
1306
1252
1307
1253
1308
1254
1309
1255
1310
1256
1311
1257
1312
1258
1313
1259
1314
1260
1315
1261
1316
1262
1317
1263
1318
1264
1319
1265
1320
1266
1321
1267
1322
1268
1323
1269
1324
1270
1325
1271
1326
1272
1327
1273
1328
1274
1329
1275
1330
1276
1331
1277
1332
1278
1333
1279
1334
1280
1335
1281
1336
1282
1337
1283
1338
1284
1339
1285
1340
1286
1341
1287
1342
1343
1289
1344
1290
1345
1291
1346
1292
1347
1293
1348
1294
1349
1295
1350
1296
1351
1297
1352
1298
1353
1299
1354
1300
1355
1301
1356
1302
1357
1303
1358
1304
1359
1305
1360
1306
1361
1307
1362
1308
1363
1309
1364
1310
1365
1311
1366
1312
1367
1313
1368
1314
1369
1315
1370
1316
1371
1317
1372
1318
1373
1319
1374
1320
1375
1321
1376
1322
1377
1323
1378
1324
1379
1325
1380
1326
1381
1327
1382
1328
1383
1329
1384
1330
1385
1331
1386
1332
1387
1333
1388
1334
1389
1335
1390
1336
1391
1337
1392
1338
1393
1339
1394
1340
1395
1341
1396
1342
1397
1343
1398
1399
1345
1400
1346
1401
1347
1402
1348
1403
1349
1404
1350
1405
1351
1406
1352
1407
1353
1408
1354
1409
1355
1410
1356
1411
1357
1412
1358
1413
1359
1414
1360
1415
1361
1416
1362
1417
1363
1418
1364
1419
1365
1420
1366
1421
1367
1422
1368
1423
1369
1424
1370
1425
1371
1426
1372
1427
1373
1428
1374
1429
1375
1430
1376
1431
1377
1432
1378
1433
1379
1434
1380
1435
1381
1436
1382
1437
1383
1438
1384
1439
1385
1440
1386
1441
1387
1442
1388
1443
1389
1444
1390
1445
1391
1446
1392
1447
1393
1448
1394
1449
1395
1450
1396
1451
1397
1452
1398
1453
1399
1454
1455
1401
1456
1402
1457
1403
1458
1404
1459
1405
1460
1406
1461
1407
1462
1408
1463
1409
1464
1410
1465
1411
1466
1412
1467
1413
1468
1414
1469
1415
1470
1416
1471
1417
1472
1418
1473
1419
1474
1420
1475
1421
1476
1422
1477
1423
1478
1424
1479
1425
1480
1426
1481
1427
1482
1428
1483
1429
1484
1430
1485
1431
1486
1432
1487
1433
1488
1434
1489
1435
1490
1436
1491
1437
1492
1438
1493
1439
1494
1440
1495
1441
1496
1442
1497
1443
1498
1444
1499
1445
1500
1446
1501
1447
1502
1448
1503
1449
1504
1450
1505
1451
1506
1452
1507
1453
1508
1454
1509
1455
1510
1511
1457
1512
1458
1513
1459
1514
1460
1515
1461
1516
1462
1517
1463
1518
1464
1519
1465
1520
1466
1521
1467
1522
1468
1523
1469
1524
1470
1525
1471
1526
1472
1527
1473
1528
1474
1529
1475
1530
1476
1531
1477
1532
1478
1533
1479
1534
1480
1535
1481
1536
1482
1537
1483
1538
1484
1539
1485
1540
1486
1541
1487
1542
1488
1543
1489
1544
1490
1545
1491
1546
1492
1547
1493
1548
1494
1549
1495
1550
1496
1551
1497
1552
1498
1553
1499
1554
1500
1555
1501
1556
1502
1557
1503
1558
1504
1559
1505
1560
1506
1561
1507
1562
1508
1563
1509
1564
1510
1565
1511
1566
1567
1513
1568
1514
1569
1515
1570
1516
1571
1517
1572
1518
1573
1519
1574
1520
1575
1521
1576
1522
1577
1523
1578
1524
1579
1525
1580
1526
1581
1527
1582
1528
1583
1529
1584
1530
1585
1531
1586
1532
1587
1533
1588
1534
1589
1535
1590
1536
1591
1537
1592
1538
1593
1539
1594
1540
1595
1541
1596
1542
1597
1543
1598
1544
1599
1545
1600
1546
1601
1547
1602
1548
1603
1549
1604
1550
1605
1551
1606
1552
1607
1553
1608
1554
1609
1555
1610
1556
1611
1557
1612
1558
1613
1559
1614
1560
1615
1561
1616
1562
1617
1563
1618
1564
1619
1565
1620
1566
1621
1567
1622
1623
1569
1624
1570
1625
1571
1626
1572
1627
1573
1628
1574
1629
1575
1630
1576
1631
1577
1632
1578
1633
1579
1634
1580
1635
1581
1636
1582
1637
1583
1638
1584
1639
1585
1640
1586
1641
1587
1642
1588
1643
1589
1644
1590
1645
1591
1646
1592
1647
1593
1648
1594
1649
1595
1650
1596
1651
1597
1652
1598
1653
1599
1654
1600
1655
1601
1656
1602
1657
1603
1658
1604
1659
1605
1660
1606
1661
1607
1662
1608
1663
1609
1664
1610
1665
1611
1666
1612
1667
1613
1668
1614
1669
1615
1670
1616
1671
1617
1672
1618
1673
1619
1674
1620
1675
1621
1676
1622
1677
1623
1678
1679
1625
1680
1626
1681
1627
1682
1628
1683
1629
1684
1630
1685
1631
1686
1632
1687
1633
1688
1634
1689
1635
1690
1636
1691
1637
1692
1638
1693
1639
1694
1640
1695
1641
1696
1642
1697
1643
1698
1644
1699
1645
1700
1646
1701
1647
1702
1648
1703
1649
1704
1650
1705
1651
1706
1652
1707
1653
1708
1654
1709
1655
1710
1656
1711
1657
1712
1658
1713
1659
1714
1660
1715
1661
1716
1662
1717
1663
1718
1664
1719
1665
1720
1666
1721
1667
1722
1668
1723
1669
1724
1670
1725
1671
1726
1672
1727
1673
1728
1674
1729
1675
1730
1676
1731
1677
1732
1678
1733
1679
1734
1735
1681
1736
1682
1737
1683
1738
1684
1739
1685
1740
1686
1741
1687
1742
1688
1743
1689
1744
1690
1745
1691
1746
1692
1747
1693
1748
1694
1749
1695
1750
1696
1751
1697
1752
1698
1753
1699
1754
1700
1755
1701
1756
1702
1757
1703
1758
1704
1759
1705
1760
1706
1761
1707
1762
1708
1763
1709
1764
1710
1765
1711
1766
1712
1767
1713
1768
1714
1769
1715
1770
1716
1771
1717
1772
1718
1773
1719
1774
1720
1775
1721
1776
1722
1777
1723
1778
1724
1779
1725
1780
1726
1781
1727
1782
1728
1783
1729
1784
1730
1785
1731
1786
1732
1787
1733
1788
1734
1789
1735
1790
1791
1737
1792
1738
1793
1739
1794
1740
1795
1741
1796
1742
1797
1743
1798
1744
1799
1745
1800
1746
1801
1747
1802
1748
1803
1749
1804
1750
1805
1751
1806
1752
1807
1753
1808
1754
1809
1755
1810
1756
1811
1757
1812
1758
1813
1759
1814
1760
1815
1761
1816
1762
1817
1763
1818
1764
1819
1765
1820
1766
1821
1767
1822
1768
1823
1769
1824
1770
1825
1771
1826
1772
1827
1773
1828
1774
1829
1775
1830
1776
1831
1777
1832
1778
1833
1779
1834
1780
1835
1781
1836
1782
1837
1783
1838
1784
1839
1785
1840
1786
1841
1787
1842
1788
1843
1789
1844
1790
1845
1791
1846
1847
1793
1848
1794
1849
1795
1850
1796
1851
1797
1852
1798
1853
1799
1854
1800
1855
1801
1856
1802
1857
1803
1858
1804
1859
1805
1860
1806
1861
1807
1862
1808
1863
1809
1864
1810
1865
1811
1866
1812
1867
1813
1868
1814
1869
1815
1870
1816
1871
1817
1872
1818
1873
1819
1874
1820
1875
1821
1876
1822
1877
1823
1878
1824
1879
1825
1880
1826
1881
1827
1882
1828
1883
1829
1884
1830
1885
1831
1886
1832
1887
1833
1888
1834
1889
1835
1890
1836
1891
1837
1892
1838
1893
1839
1894
1840
1895
1841
1896
1842
1897
1843
1898
1844
1899
1845
1900
1846
1901
1847
1902
1903
1849
1904
1850
1905
1851
1906
1852
1907
1853
1908
1854
1909
1855
1910
1856
1911
1857
1912
1858
1913
1859
1914
1860
1915
1861
1916
1862
1917
1863
1918
1864
1919
1865
1920
1866
1921
1867
1922
1868
1923
1869
1924
1870
1925
1871
1926
1872
1927
1873
1928
1874
1929
1875
1930
1876
1931
1877
1932
1878
1933
1879
1934
1880
1935
1881
1936
1882
1937
1883
1938
1884
1939
1885
1940
1886
1941
1887
1942
1888
1943
1889
1944
1890
1945
1891
1946
1892
1947
1893
1948
1894
1949
1895
1950
1896
1951
1897
1952
1898
1953
1899
1954
1900
1955
1901
1956
1902
1957
1903
1958
1959
1905
1960
1906
1961
1907
1962
1908
1963
1909
1964
1910
1965
1911
1966
1912
1967
1913
1968
1914
1969
1915
1970
1916
1971
1917
1972
1918
1973
1919
1974
1920
1975
1921
1976
1922
1977
1923
1978
1924
1979
1925
1980
1926
1981
1927
1982
1928
1983
1929
1984
1930
1985
1931
1986
1932
1987
1933
1988
1934
1989
1935
1990
1936
1991
1937
1992
1938
1993
1939
1994
1940
1995
1941
1996
1942
1997
1943
1998
1944
1999
1945
2000
1946
2001
1947
2002
1948
2003
1949
2004
1950
2005
1951
2006
1952
2007
1953
2008
1954
2009
1955
2010
1956
2011
1957
2012
1958
2013
1959
2014
2015
1961
2016
1962
2017
1963
2018
1964
2019
1965
2020
1966
2021
1967
2022
1968
2023
1969
2024
1970
2025
1971
2026
1972
2027
1973
2028
1974
2029
1975
2030
1976
2031
1977
2032
1978
2033
1979
2034
1980
2035
1981
2036
1982
2037
1983
2038
1984
2039
1985
2040
1986
2041
1987
2042
1988
2043
1989
2044
1990
2045
1991
2046
1992
2047
1993
2048
1994
2049
1995
2050
1996
2051
1997
2052
1998
2053
1999
2054
2000
2055
2001
2056
2002
2057
2003
2058
2004
2059
2005
2060
2006
2061
2007
2062
2008
2063
2009
2064
2010
2065
2011
2066
2012
2067
2013
2068
2014
2069
2015
2070
2071
2017
2072
2018
2073
2019
2074
2020
2075
2021
2076
2022
2077
2023
2078
2024
2079
2025
2080
2026
2081
2027
2082
2028
2083
2029
2084
2030
2085
2031
2086
2032
2087
2033
2088
2034
2089
2035
2090
2036
2091
2037
2092
2038
2093
2039
2094
2040
2095
2041
2096
2042
2097
2043
2098
2044
2099
2045
2100
2046
2101
2047
2102
2048
2103
2049
2104
2050
2105
2051
2106
2052
2107
2053
2108
2054
2109
2055
2110
2056
2111
2057
2112
2058
2113
2059
2114
2060
2115
2061
2116
2062
2117
2063
2118
2064
2119
2065
2120
2066
2121
2067
2122
2068
2123
2069
2124
2070
2125
2071
2126
2127
2073
2128
2074
2129
2075
2130
2076
2131
2077
2132
2078
2133
2079
2134
2080
2135
2081
2136
2082
2137
2083
2138
2084
2139
2085
2140
2086
2141
2087
2142
2088
2143
2089
2144
2090
2145
2091
2146
2092
2147
2093
2148
2094
2149
2095
2150
2096
2151
2097
2152
2098
2153
2099
2154
2100
2155
2101
2156
2102
2157
2103
2158
2104
2159
2105
2160
2106
2161
2107
2162
2108
2163
2109
2164
2110
2165
2111
2166
2112
2167
2113
2168
2114
2169
2115
2170
2116
2171
2117
2172
2118
2173
2119
2174
2120
2175
2121
2176
2122
2177
2123
2178
2124
2179
2125
2180
2126
2181
2127
2182
2183
2129
2184
2130
2185
2131
2186
2132
2187
2133
2188
2134
2189
2135
2190
2136
2191
2137
2192
2138
2193
2139
2194
2140
2195
2141
2196
2142
2197
2143
2198
2144
2199
2145
2200
2146
2201
2147
2202
2148
2203
2149
2204
2150
2205
2151
2206
2152
2207
2153
2208
2154
2209
2155
2210
2156
2211
2157
2212
2158
2213
2159
2214
2160
2215
2161
2216
2162
2217
2163
2218
2164
2219
2165
2220
2166
2221
2167
2222
2168
2223
2169
2224
2170
2225
2171
2226
2172
2227
2173
2228
2174
2229
2175
2230
2176
2231
2177
2232
2178
2233
2179
2234
2180
2235
2181
2236
2182
2237
2183
2238
2239
2185
2240
2186
2241
2187
2242
2188
2243
2189
2244
2190
2245
2191
2246
2192
2247
2193
2248
2194
2249
2195
2250
2196
2251
2197
2252
2198
2253
2199
2254
2200
2255
2201
2256
2202
2257
2203
2258
2204
2259
2205
2260
2206
2261
2207
2262
2208
2263
2209
2264
2210
2265
2211
2266
2212
2267
2213
2268
2214
2269
2215
2270
2216
2271
2217
2272
2218
2273
2219
2274
2220
2275
2221
2276
2222
2277
2223
2278
2224
2279
2225
2280
2226
2281
2227
2282
2228
2283
2229
2284
2230
2285
2231
2286
2232
2287
2233
2288
2234
2289
2235
2290
2236
2291
2237
2292
2238
2293
2239
2294
2295
2241
2296
2242
2297
2243
2298
2244
2299
2245
2300
2246
2301
2247
2302
2248
2303
2249
2304
2250
2305
2251
2306
2252
2307
2253
2308
2254
2309
2255
2310
2256
2311
2257
2312
2258
2313
2259
2314
2260
2315
2261
2316
2262
2317
2263
2318
2264
2319
2265
2320
2266
2321
2267
2322
2268
2323
2269
2324
2270
2325
2271
2326
2272
2327
2273
2328
2274
2329
2275
2330
2276
2331
2277
2332
2278
2333
2279
2334
2280
2335
2281
2336
2282
2337
2283
2338
2284
2339
2285
2340
2286
2341
2287
2342
2288
2343
2289
2344
2290
2345
2291
2346
2292
2347
2293
2348
2294
2349
2295
2350
2351
2297
2352
2298
2353
2299
2354
2300
2355
2301
2356
2302
2357
2303
2358
2304
2359
2305
2360
2306
2361
2307
2362
2308
2363
2309
2364
2310
2365
2311
2366
2312
2367
2313
2368
2314
2369
2315
2370
2316
2371
2317
2372
2318
2373
2319
2374
2320
2375
2321
2376
2322
2377
2323
2378
2324
2379
2325
2380
2326
2381
2327
2382
2328
2383
2329
2384
2330
2385
2331
2386
2332
2387
2333
2388
2334
2389
2335
2390
2336
2391
2337
2392
2338
2393
2339
2394
2340
2395
2341
2396
2342
2397
2343
2398
2344
2399
2345
2400
2346
2401
2347
2402
2348
2403
2349
2404
2350
2405
2351
2406
2407
2353
2408
2354
2409
2355
2410
2356
2411
2357
2412
2358
2413
2359
2414
2360
2415
2361
2416
2362
2417
2363
2418
2364
2419
2365
2420
2366
2421
2367
2422
2368
2423
2369
2424
2370
2425
2371
2426
2372
2427
2373
2428
2374
2429
2375
2430
2376
2431
2377
2432
2378
2433
2379
2434
2380
2435
2381
2436
2382
2437
2383
2438
2384
2439
2385
2440
2386
2441
2387
2442
2388
2443
2389
2444
2390
2445
2391
2446
2392
2447
2393
2448
2394
2449
2395
2450
2396
2451
2397
2452
2398
2453
2399
2454
2400
2455
2401
2456
2402
2457
2403
2458
2404
2459
2405
2460
2406
2461
2407
2462
2463
2409
2464
2410
2465
2411
2466
2412
2467
2413
2468
2414
2469
2415
2470
2416
2471
2417
2472
2418
2473
2419
2474
2420
2475
2421
2476
2422
2477
2423
2478
2424
2479
2425
2480
2426
2481
2427
2482
2428
2483
2429
2484
2430
2485
2431
2486
2432
2487
2433
2488
2434
2489
2435
2490
2436
2491
2437
2492
2438
2493
2439
2494
2440
2495
2441
2496
2442
2497
2443
2498
2444
2499
2445
2500
2446
2501
2447
2502
2448
2503
2449
2504
2450
2505
2451
2506
2452
2507
2453
2508
2454
2509
2455
2510
2456
2511
2457
2512
2458
2513
2459
2514
2460
2515
2461
2516
2462
2517
2463
2518
2519
2465
2520
2466
2521
2467
2522
2468
2523
2469
2524
2470
2525
2471
2526
2472
2527
2473
2528
2474
2529
2475
2530
2476
2531
2477
2532
2478
2533
2479
2534
2480
2535
2481
2536
2482
2537
2483
2538
2484
2539
2485
2540
2486
2541
2487
2542
2488
2543
2489
2544
2490
2545
2491
2546
2492
2547
2493
2548
2494
2549
2495
2550
2496
2551
2497
2552
2498
2553
2499
2554
2500
2555
2501
2556
2502
2557
2503
2558
2504
2559
2505
2560
2506
2561
2507
2562
2508
2563
2509
2564
2510
2565
2511
2566
2512
2567
2513
2568
2514
2569
2515
2570
2516
2571
2517
2572
2518
2573
2519
2574
2575
2521
2576
2522
2577
2523
2578
2524
2579
2525
2580
2526
2581
2527
2582
2528
2583
2529
2584
2530
2585
2531
2586
2532
2587
2533
2588
2534
2589
2535
2590
2536
2591
2537
2592
2538
2593
2539
2594
2540
2595
2541
2596
2542
2597
2543
2598
2544
2599
2545
2600
2546
2601
2547
2602
2548
2603
2549
2604
2550
2605
2551
2606
2552
2607
2553
2608
2554
2609
2555
2610
2556
2611
2557
2612
2558
2613
2559
2614
2560
2615
2561
2616
2562
2617
2563
2618
2564
2619
2565
2620
2566
2621
2567
2622
2568
2623
2569
2624
2570
2625
2571
2626
2572
2627
2573
2628
2574
2629
2575
2630
2631
2577
2632
2578
2633
2579
2634
2580
2635
2581
2636
2582
2637
2583
2638
2584
2639
2585
2640
2586
2641
2587
2642
2588
2643
2589
2644
2590
2645
2591
2646
2592
2647
2593
2648
2594
2649
2595
2650
2596
2651
2597
2652
2598
2653
2599
2654
2600
2655
2601
2656
2602
2657
2603
2658
2604
2659
2605
2660
2606
2661
2607
2662
2608
2663
2609
2664
2610
2665
2611
2666
2612
2667
2613
2668
2614
2669
2615
2670
2616
2671
2617
2672
2618
2673
2619
2674
2620
2675
2621
2676
2622
2677
2623
2678
2624
2679
2625
2680
2626
2681
2627
2682
2628
2683
2629
2684
2630
2685
2631
2686
2687
2633
2688
2634
2689
2635
2690
2636
2691
2637
2692
2638
2693
2639
2694
2640
2695
2641
2696
2642
2697
2643
2698
2644
2699
2645
2700
2646
2701
2647
2702
2648
2703
2649
2704
2650
2705
2651
2706
2652
2707
2653
2708
2654
2709
2655
2710
2656
2711
2657
2712
2658
2713
2659
2714
2660
2715
2661
2716
2662
2717
2663
2718
2664
2719
2665
2720
2666
2721
2667
2722
2668
2723
2669
2724
2670
2725
2671
2726
2672
2727
2673
2728
2674
2729
2675
2730
2676
2731
2677
2732
2678
2733
2679
2734
2680
2735
2681
2736
2682
2737
2683
2738
2684
2739
2685
2740
2686
2741
2687
2742
2743
2689
2744
2690
2745
2691
2746
2692
2747
2693
2748
2694
2749
2695
2750
2696
2751
2697
2752
2698
2753
2699
2754
2700
2755
2701
2756
2702
2757
2703
2758
2704
2759
2705
2760
2706
2761
2707
2762
2708
2763
2709
2764
2710
2765
2711
2766
2712
2767
2713
2768
2714
2769
2715
2770
2716
2771
2717
2772
2718
2773
2719
2774
2720
2775
2721
2776
2722
2777
2723
2778
2724
2779
2725
2780
2726
2781
2727
2782
2728
2783
2729
2784
2730
2785
2731
2786
2732
2787
2733
2788
2734
2789
2735
2790
2736
2791
2737
2792
2738
2793
2739
2794
2740
2795
2741
2796
2742
2797
2743
2798
2799
2745
2800
2746
2801
2747
2802
2748
2803
2749
2804
2750
2805
2751
2806
2752
2807
2753
2808
2754
2809
2755
2810
2756
2811
2757
2812
2758
2813
2759
2814
2760
2815
2761
2816
2762
2817
2763
2818
2764
2819
2765
2820
2766
2821
2767
2822
2768
2823
2769
2824
2770
2825
2771
2826
2772
2827
2773
2828
2774
2829
2775
2830
2776
2831
2777
2832
2778
2833
2779
2834
2780
2835
2781
2836
2782
2837
2783
2838
2784
2839
2785
2840
2786
2841
2787
2842
2788
2843
2789
2844
2790
2845
2791
2846
2792
2847
2793
2848
2794
2849
2795
2850
2796
2851
2797
2852
2798
2853
2799
2854
2855
2801
2856
2802
2857
2803
2858
2804
2859
2805
2860
2806
2861
2807
2862
2808
2863
2809
2864
2810
2865
2811
2866
2812
2867
2813
2868
2814
2869
2815
2870
2816
2871
2817
2872
2818
2873
2819
2874
2820
2875
2821
2876
2822
2877
2823
2878
2824
2879
2825
2880
2826
2881
2827
2882
2828
2883
2829
2884
2830
2885
2831
2886
2832
2887
2833
2888
2834
2889
2835
2890
2836
2891
2837
2892
2838
2893
2839
2894
2840
2895
2841
2896
2842
2897
2843
2898
2844
2899
2845
2900
2846
2901
2847
2902
2848
2903
2849
2904
2850
2905
2851
2906
2852
2907
2853
2908
2854
2909
2855
2910
2911
2857
2912
2858
2913
2859
2914
2860
2915
2861
2916
2862
2917
2863
2918
2864
2919
2865
2920
2866
2921
2867
2922
2868
2923
2869
2924
2870
2925
2871
2926
2872
2927
2873
2928
2874
2929
2875
2930
2876
2931
2877
2932
2878
2933
2879
2934
2880
2935
2881
2936
2882
2937
2883
2938
2884
2939
2885
2940
2886
2941
2887
2942
2888
2943
2889
2944
2890
2945
2891
2946
2892
2947
2893
2948
2894
2949
2895
2950
2896
2951
2897
2952
2898
2953
2899
2954
2900
2955
2901
2956
2902
2957
2903
2958
2904
2959
2905
2960
2906
2961
2907
2962
2908
2963
2909
2964
2910
2965
2911
2966
2967
2913
2968
2914
2969
2915
2970
2916
2971
2917
2972
2918
2973
2919
2974
2920
2975
2921
2976
2922
2977
2923
2978
2924
2979
2925
2980
2926
2981
2927
2982
2928
2983
2929
2984
2930
2985
2931
2986
2932
2987
2933
2988
2934
2989
2935
2990
2936
2991
2937
2992
2938
2993
2939
2994
2940
2995
2941
2996
2942
2997
2943
2998
2944
2999
2945
3000
2946
3001
2947
3002
2948
3003
2949
3004
2950
3005
2951
3006
2952
3007
2953
3008
2954
3009
2955
3010
2956
3011
2957
3012
2958
3013
2959
3014
2960
3015
2961
3016
2962
3017
2963
3018
2964
3019
2965
3020
2966
3021
2967
3022
3023
2969
3024
2970
3025
2971
3026
2972
3027
2973
3028
2974
3029
2975
3030
2976
3031
2977
3032
2978
3033
2979
3034
2980
3035
2981
3036
2982
3037
2983
3038
2984
3039
2985
3040
2986
3041
2987
3042
2988
3043
2989
3044
2990
3045
2991
3046
2992
3047
2993
3048
2994
3049
2995
3050
2996
3051
2997
3052
2998
3053
2999
3054
3000
3055
3001
3056
3002
3057
3003
3058
3004
3059
3005
3060
3006
3061
3007
3062
3008
3063
3009
3064
3010
3065
3011
3066
3012
3067
3013
3068
3014
3069
3015
3070
3016
3071
3017
3072
3018
3073
3019
3074
3020
3075
3021
3076
3022
3077
3023
3078
3079
3025
3080
3026
3081
3027
3082
3028
3083
3029
3084
3030
3085
3031
3086
3032
3087
3033
3088
3034
3089
3035
3090
3036
3091
3037
3092
3038
3093
3039
3094
3040
3095
3041
3096
3042
3097
3043
3098
3044
3099
3045
3100
3046
3101
3047
3102
3048
3103
3049
3104
3050
3105
3051
3106
3052
3107
3053
3108
3054
3109
3055
3110
3056
3111
3057
3112
3058
3113
3059
3114
3060
3115
3061
3116
3062
3117
3063
3118
3064
3119
3065
3120
3066
3121
3067
3122
3068
3123
3069
3124
3070
3125
3071
3126
3072
3127
3073
3128
3074
3129
3075
3130
3076
3131
3077
3132
3078
3133
3079
3134
3135
3081
3082
3083
3084
3085
3086
3087
3088
3089
3090
3091
3092
3093
3094
3095
3096
3097
3098
3099
3100
3101
3102
3103
3104
3105
3106
3107
3108
3109
3110
3111
3112
3113
3114
3115
3116
3117
3118
3119
3120
3121
3122
3123
3124
3125
3126
3127
3128
3129
3130
3131
3132
3133
3134
3135
)


// ************************************************************************* //
