/*--------------------------------*- C++ -*----------------------------------*\
| =========                 |                                                 |
| \\      /  F ield         | OpenFOAM: The Open Source CFD Toolbox           |
|  \\    /   O peration     | Version:  v1812                                 |
|   \\  /    A nd           | Web:      www.OpenFOAM.com                      |
|    \\/     M anipulation  |                                                 |
\*---------------------------------------------------------------------------*/
FoamFile
{
    version     2.0;
    format      ascii;
    class       labelList;
    note        "nPoints: 6498 nCells: 3136 nFaces: 12656 nInternalFaces: 6160";
    location    "constant/polyMesh";
    object      owner;
}
// * * * * * * * * * * * * * * * * * * * * * * * * * * * * * * * * * * * * * //


12656
(
0
0
1
1
2
2
3
3
4
4
5
5
6
6
7
7
8
8
9
9
10
10
11
11
12
12
13
13
14
14
15
15
16
16
17
17
18
18
19
19
20
20
21
21
22
22
23
23
24
24
25
25
26
26
27
27
28
28
29
29
30
30
31
31
32
32
33
33
34
34
35
35
36
36
37
37
38
38
39
39
40
40
41
41
42
42
43
43
44
44
45
45
46
46
47
47
48
48
49
49
50
50
51
51
52
52
53
53
54
54
55
56
56
57
57
58
58
59
59
60
60
61
61
62
62
63
63
64
64
65
65
66
66
67
67
68
68
69
69
70
70
71
71
72
72
73
73
74
74
75
75
76
76
77
77
78
78
79
79
80
80
81
81
82
82
83
83
84
84
85
85
86
86
87
87
88
88
89
89
90
90
91
91
92
92
93
93
94
94
95
95
96
96
97
97
98
98
99
99
100
100
101
101
102
102
103
103
104
104
105
105
106
106
107
107
108
108
109
109
110
110
111
112
112
113
113
114
114
115
115
116
116
117
117
118
118
119
119
120
120
121
121
122
122
123
123
124
124
125
125
126
126
127
127
128
128
129
129
130
130
131
131
132
132
133
133
134
134
135
135
136
136
137
137
138
138
139
139
140
140
141
141
142
142
143
143
144
144
145
145
146
146
147
147
148
148
149
149
150
150
151
151
152
152
153
153
154
154
155
155
156
156
157
157
158
158
159
159
160
160
161
161
162
162
163
163
164
164
165
165
166
166
167
168
168
169
169
170
170
171
171
172
172
173
173
174
174
175
175
176
176
177
177
178
178
179
179
180
180
181
181
182
182
183
183
184
184
185
185
186
186
187
187
188
188
189
189
190
190
191
191
192
192
193
193
194
194
195
195
196
196
197
197
198
198
199
199
200
200
201
201
202
202
203
203
204
204
205
205
206
206
207
207
208
208
209
209
210
210
211
211
212
212
213
213
214
214
215
215
216
216
217
217
218
218
219
219
220
220
221
221
222
222
223
224
224
225
225
226
226
227
227
228
228
229
229
230
230
231
231
232
232
233
233
234
234
235
235
236
236
237
237
238
238
239
239
240
240
241
241
242
242
243
243
244
244
245
245
246
246
247
247
248
248
249
249
250
250
251
251
252
252
253
253
254
254
255
255
256
256
257
257
258
258
259
259
260
260
261
261
262
262
263
263
264
264
265
265
266
266
267
267
268
268
269
269
270
270
271
271
272
272
273
273
274
274
275
275
276
276
277
277
278
278
279
280
280
281
281
282
282
283
283
284
284
285
285
286
286
287
287
288
288
289
289
290
290
291
291
292
292
293
293
294
294
295
295
296
296
297
297
298
298
299
299
300
300
301
301
302
302
303
303
304
304
305
305
306
306
307
307
308
308
309
309
310
310
311
311
312
312
313
313
314
314
315
315
316
316
317
317
318
318
319
319
320
320
321
321
322
322
323
323
324
324
325
325
326
326
327
327
328
328
329
329
330
330
331
331
332
332
333
333
334
334
335
336
336
337
337
338
338
339
339
340
340
341
341
342
342
343
343
344
344
345
345
346
346
347
347
348
348
349
349
350
350
351
351
352
352
353
353
354
354
355
355
356
356
357
357
358
358
359
359
360
360
361
361
362
362
363
363
364
364
365
365
366
366
367
367
368
368
369
369
370
370
371
371
372
372
373
373
374
374
375
375
376
376
377
377
378
378
379
379
380
380
381
381
382
382
383
383
384
384
385
385
386
386
387
387
388
388
389
389
390
390
391
392
392
393
393
394
394
395
395
396
396
397
397
398
398
399
399
400
400
401
401
402
402
403
403
404
404
405
405
406
406
407
407
408
408
409
409
410
410
411
411
412
412
413
413
414
414
415
415
416
416
417
417
418
418
419
419
420
420
421
421
422
422
423
423
424
424
425
425
426
426
427
427
428
428
429
429
430
430
431
431
432
432
433
433
434
434
435
435
436
436
437
437
438
438
439
439
440
440
441
441
442
442
443
443
444
444
445
445
446
446
447
448
448
449
449
450
450
451
451
452
452
453
453
454
454
455
455
456
456
457
457
458
458
459
459
460
460
461
461
462
462
463
463
464
464
465
465
466
466
467
467
468
468
469
469
470
470
471
471
472
472
473
473
474
474
475
475
476
476
477
477
478
478
479
479
480
480
481
481
482
482
483
483
484
484
485
485
486
486
487
487
488
488
489
489
490
490
491
491
492
492
493
493
494
494
495
495
496
496
497
497
498
498
499
499
500
500
501
501
502
502
503
504
504
505
505
506
506
507
507
508
508
509
509
510
510
511
511
512
512
513
513
514
514
515
515
516
516
517
517
518
518
519
519
520
520
521
521
522
522
523
523
524
524
525
525
526
526
527
527
528
528
529
529
530
530
531
531
532
532
533
533
534
534
535
535
536
536
537
537
538
538
539
539
540
540
541
541
542
542
543
543
544
544
545
545
546
546
547
547
548
548
549
549
550
550
551
551
552
552
553
553
554
554
555
555
556
556
557
557
558
558
559
560
560
561
561
562
562
563
563
564
564
565
565
566
566
567
567
568
568
569
569
570
570
571
571
572
572
573
573
574
574
575
575
576
576
577
577
578
578
579
579
580
580
581
581
582
582
583
583
584
584
585
585
586
586
587
587
588
588
589
589
590
590
591
591
592
592
593
593
594
594
595
595
596
596
597
597
598
598
599
599
600
600
601
601
602
602
603
603
604
604
605
605
606
606
607
607
608
608
609
609
610
610
611
611
612
612
613
613
614
614
615
616
616
617
617
618
618
619
619
620
620
621
621
622
622
623
623
624
624
625
625
626
626
627
627
628
628
629
629
630
630
631
631
632
632
633
633
634
634
635
635
636
636
637
637
638
638
639
639
640
640
641
641
642
642
643
643
644
644
645
645
646
646
647
647
648
648
649
649
650
650
651
651
652
652
653
653
654
654
655
655
656
656
657
657
658
658
659
659
660
660
661
661
662
662
663
663
664
664
665
665
666
666
667
667
668
668
669
669
670
670
671
672
672
673
673
674
674
675
675
676
676
677
677
678
678
679
679
680
680
681
681
682
682
683
683
684
684
685
685
686
686
687
687
688
688
689
689
690
690
691
691
692
692
693
693
694
694
695
695
696
696
697
697
698
698
699
699
700
700
701
701
702
702
703
703
704
704
705
705
706
706
707
707
708
708
709
709
710
710
711
711
712
712
713
713
714
714
715
715
716
716
717
717
718
718
719
719
720
720
721
721
722
722
723
723
724
724
725
725
726
726
727
728
728
729
729
730
730
731
731
732
732
733
733
734
734
735
735
736
736
737
737
738
738
739
739
740
740
741
741
742
742
743
743
744
744
745
745
746
746
747
747
748
748
749
749
750
750
751
751
752
752
753
753
754
754
755
755
756
756
757
757
758
758
759
759
760
760
761
761
762
762
763
763
764
764
765
765
766
766
767
767
768
768
769
769
770
770
771
771
772
772
773
773
774
774
775
775
776
776
777
777
778
778
779
779
780
780
781
781
782
782
783
784
784
785
785
786
786
787
787
788
788
789
789
790
790
791
791
792
792
793
793
794
794
795
795
796
796
797
797
798
798
799
799
800
800
801
801
802
802
803
803
804
804
805
805
806
806
807
807
808
808
809
809
810
810
811
811
812
812
813
813
814
814
815
815
816
816
817
817
818
818
819
819
820
820
821
821
822
822
823
823
824
824
825
825
826
826
827
827
828
828
829
829
830
830
831
831
832
832
833
833
834
834
835
835
836
836
837
837
838
838
839
840
840
841
841
842
842
843
843
844
844
845
845
846
846
847
847
848
848
849
849
850
850
851
851
852
852
853
853
854
854
855
855
856
856
857
857
858
858
859
859
860
860
861
861
862
862
863
863
864
864
865
865
866
866
867
867
868
868
869
869
870
870
871
871
872
872
873
873
874
874
875
875
876
876
877
877
878
878
879
879
880
880
881
881
882
882
883
883
884
884
885
885
886
886
887
887
888
888
889
889
890
890
891
891
892
892
893
893
894
894
895
896
896
897
897
898
898
899
899
900
900
901
901
902
902
903
903
904
904
905
905
906
906
907
907
908
908
909
909
910
910
911
911
912
912
913
913
914
914
915
915
916
916
917
917
918
918
919
919
920
920
921
921
922
922
923
923
924
924
925
925
926
926
927
927
928
928
929
929
930
930
931
931
932
932
933
933
934
934
935
935
936
936
937
937
938
938
939
939
940
940
941
941
942
942
943
943
944
944
945
945
946
946
947
947
948
948
949
949
950
950
951
952
952
953
953
954
954
955
955
956
956
957
957
958
958
959
959
960
960
961
961
962
962
963
963
964
964
965
965
966
966
967
967
968
968
969
969
970
970
971
971
972
972
973
973
974
974
975
975
976
976
977
977
978
978
979
979
980
980
981
981
982
982
983
983
984
984
985
985
986
986
987
987
988
988
989
989
990
990
991
991
992
992
993
993
994
994
995
995
996
996
997
997
998
998
999
999
1000
1000
1001
1001
1002
1002
1003
1003
1004
1004
1005
1005
1006
1006
1007
1008
1008
1009
1009
1010
1010
1011
1011
1012
1012
1013
1013
1014
1014
1015
1015
1016
1016
1017
1017
1018
1018
1019
1019
1020
1020
1021
1021
1022
1022
1023
1023
1024
1024
1025
1025
1026
1026
1027
1027
1028
1028
1029
1029
1030
1030
1031
1031
1032
1032
1033
1033
1034
1034
1035
1035
1036
1036
1037
1037
1038
1038
1039
1039
1040
1040
1041
1041
1042
1042
1043
1043
1044
1044
1045
1045
1046
1046
1047
1047
1048
1048
1049
1049
1050
1050
1051
1051
1052
1052
1053
1053
1054
1054
1055
1055
1056
1056
1057
1057
1058
1058
1059
1059
1060
1060
1061
1061
1062
1062
1063
1064
1064
1065
1065
1066
1066
1067
1067
1068
1068
1069
1069
1070
1070
1071
1071
1072
1072
1073
1073
1074
1074
1075
1075
1076
1076
1077
1077
1078
1078
1079
1079
1080
1080
1081
1081
1082
1082
1083
1083
1084
1084
1085
1085
1086
1086
1087
1087
1088
1088
1089
1089
1090
1090
1091
1091
1092
1092
1093
1093
1094
1094
1095
1095
1096
1096
1097
1097
1098
1098
1099
1099
1100
1100
1101
1101
1102
1102
1103
1103
1104
1104
1105
1105
1106
1106
1107
1107
1108
1108
1109
1109
1110
1110
1111
1111
1112
1112
1113
1113
1114
1114
1115
1115
1116
1116
1117
1117
1118
1118
1119
1120
1120
1121
1121
1122
1122
1123
1123
1124
1124
1125
1125
1126
1126
1127
1127
1128
1128
1129
1129
1130
1130
1131
1131
1132
1132
1133
1133
1134
1134
1135
1135
1136
1136
1137
1137
1138
1138
1139
1139
1140
1140
1141
1141
1142
1142
1143
1143
1144
1144
1145
1145
1146
1146
1147
1147
1148
1148
1149
1149
1150
1150
1151
1151
1152
1152
1153
1153
1154
1154
1155
1155
1156
1156
1157
1157
1158
1158
1159
1159
1160
1160
1161
1161
1162
1162
1163
1163
1164
1164
1165
1165
1166
1166
1167
1167
1168
1168
1169
1169
1170
1170
1171
1171
1172
1172
1173
1173
1174
1174
1175
1176
1176
1177
1177
1178
1178
1179
1179
1180
1180
1181
1181
1182
1182
1183
1183
1184
1184
1185
1185
1186
1186
1187
1187
1188
1188
1189
1189
1190
1190
1191
1191
1192
1192
1193
1193
1194
1194
1195
1195
1196
1196
1197
1197
1198
1198
1199
1199
1200
1200
1201
1201
1202
1202
1203
1203
1204
1204
1205
1205
1206
1206
1207
1207
1208
1208
1209
1209
1210
1210
1211
1211
1212
1212
1213
1213
1214
1214
1215
1215
1216
1216
1217
1217
1218
1218
1219
1219
1220
1220
1221
1221
1222
1222
1223
1223
1224
1224
1225
1225
1226
1226
1227
1227
1228
1228
1229
1229
1230
1230
1231
1232
1232
1233
1233
1234
1234
1235
1235
1236
1236
1237
1237
1238
1238
1239
1239
1240
1240
1241
1241
1242
1242
1243
1243
1244
1244
1245
1245
1246
1246
1247
1247
1248
1248
1249
1249
1250
1250
1251
1251
1252
1252
1253
1253
1254
1254
1255
1255
1256
1256
1257
1257
1258
1258
1259
1259
1260
1260
1261
1261
1262
1262
1263
1263
1264
1264
1265
1265
1266
1266
1267
1267
1268
1268
1269
1269
1270
1270
1271
1271
1272
1272
1273
1273
1274
1274
1275
1275
1276
1276
1277
1277
1278
1278
1279
1279
1280
1280
1281
1281
1282
1282
1283
1283
1284
1284
1285
1285
1286
1286
1287
1288
1288
1289
1289
1290
1290
1291
1291
1292
1292
1293
1293
1294
1294
1295
1295
1296
1296
1297
1297
1298
1298
1299
1299
1300
1300
1301
1301
1302
1302
1303
1303
1304
1304
1305
1305
1306
1306
1307
1307
1308
1308
1309
1309
1310
1310
1311
1311
1312
1312
1313
1313
1314
1314
1315
1315
1316
1316
1317
1317
1318
1318
1319
1319
1320
1320
1321
1321
1322
1322
1323
1323
1324
1324
1325
1325
1326
1326
1327
1327
1328
1328
1329
1329
1330
1330
1331
1331
1332
1332
1333
1333
1334
1334
1335
1335
1336
1336
1337
1337
1338
1338
1339
1339
1340
1340
1341
1341
1342
1342
1343
1344
1344
1345
1345
1346
1346
1347
1347
1348
1348
1349
1349
1350
1350
1351
1351
1352
1352
1353
1353
1354
1354
1355
1355
1356
1356
1357
1357
1358
1358
1359
1359
1360
1360
1361
1361
1362
1362
1363
1363
1364
1364
1365
1365
1366
1366
1367
1367
1368
1368
1369
1369
1370
1370
1371
1371
1372
1372
1373
1373
1374
1374
1375
1375
1376
1376
1377
1377
1378
1378
1379
1379
1380
1380
1381
1381
1382
1382
1383
1383
1384
1384
1385
1385
1386
1386
1387
1387
1388
1388
1389
1389
1390
1390
1391
1391
1392
1392
1393
1393
1394
1394
1395
1395
1396
1396
1397
1397
1398
1398
1399
1400
1400
1401
1401
1402
1402
1403
1403
1404
1404
1405
1405
1406
1406
1407
1407
1408
1408
1409
1409
1410
1410
1411
1411
1412
1412
1413
1413
1414
1414
1415
1415
1416
1416
1417
1417
1418
1418
1419
1419
1420
1420
1421
1421
1422
1422
1423
1423
1424
1424
1425
1425
1426
1426
1427
1427
1428
1428
1429
1429
1430
1430
1431
1431
1432
1432
1433
1433
1434
1434
1435
1435
1436
1436
1437
1437
1438
1438
1439
1439
1440
1440
1441
1441
1442
1442
1443
1443
1444
1444
1445
1445
1446
1446
1447
1447
1448
1448
1449
1449
1450
1450
1451
1451
1452
1452
1453
1453
1454
1454
1455
1456
1456
1457
1457
1458
1458
1459
1459
1460
1460
1461
1461
1462
1462
1463
1463
1464
1464
1465
1465
1466
1466
1467
1467
1468
1468
1469
1469
1470
1470
1471
1471
1472
1472
1473
1473
1474
1474
1475
1475
1476
1476
1477
1477
1478
1478
1479
1479
1480
1480
1481
1481
1482
1482
1483
1483
1484
1484
1485
1485
1486
1486
1487
1487
1488
1488
1489
1489
1490
1490
1491
1491
1492
1492
1493
1493
1494
1494
1495
1495
1496
1496
1497
1497
1498
1498
1499
1499
1500
1500
1501
1501
1502
1502
1503
1503
1504
1504
1505
1505
1506
1506
1507
1507
1508
1508
1509
1509
1510
1510
1511
1512
1512
1513
1513
1514
1514
1515
1515
1516
1516
1517
1517
1518
1518
1519
1519
1520
1520
1521
1521
1522
1522
1523
1523
1524
1524
1525
1525
1526
1526
1527
1527
1528
1528
1529
1529
1530
1530
1531
1531
1532
1532
1533
1533
1534
1534
1535
1535
1536
1536
1537
1537
1538
1538
1539
1539
1540
1540
1541
1541
1542
1542
1543
1543
1544
1544
1545
1545
1546
1546
1547
1547
1548
1548
1549
1549
1550
1550
1551
1551
1552
1552
1553
1553
1554
1554
1555
1555
1556
1556
1557
1557
1558
1558
1559
1559
1560
1560
1561
1561
1562
1562
1563
1563
1564
1564
1565
1565
1566
1566
1567
1568
1568
1569
1569
1570
1570
1571
1571
1572
1572
1573
1573
1574
1574
1575
1575
1576
1576
1577
1577
1578
1578
1579
1579
1580
1580
1581
1581
1582
1582
1583
1583
1584
1584
1585
1585
1586
1586
1587
1587
1588
1588
1589
1589
1590
1590
1591
1591
1592
1592
1593
1593
1594
1594
1595
1595
1596
1596
1597
1597
1598
1598
1599
1599
1600
1600
1601
1601
1602
1602
1603
1603
1604
1604
1605
1605
1606
1606
1607
1607
1608
1608
1609
1609
1610
1610
1611
1611
1612
1612
1613
1613
1614
1614
1615
1615
1616
1616
1617
1617
1618
1618
1619
1619
1620
1620
1621
1621
1622
1622
1623
1624
1624
1625
1625
1626
1626
1627
1627
1628
1628
1629
1629
1630
1630
1631
1631
1632
1632
1633
1633
1634
1634
1635
1635
1636
1636
1637
1637
1638
1638
1639
1639
1640
1640
1641
1641
1642
1642
1643
1643
1644
1644
1645
1645
1646
1646
1647
1647
1648
1648
1649
1649
1650
1650
1651
1651
1652
1652
1653
1653
1654
1654
1655
1655
1656
1656
1657
1657
1658
1658
1659
1659
1660
1660
1661
1661
1662
1662
1663
1663
1664
1664
1665
1665
1666
1666
1667
1667
1668
1668
1669
1669
1670
1670
1671
1671
1672
1672
1673
1673
1674
1674
1675
1675
1676
1676
1677
1677
1678
1678
1679
1680
1680
1681
1681
1682
1682
1683
1683
1684
1684
1685
1685
1686
1686
1687
1687
1688
1688
1689
1689
1690
1690
1691
1691
1692
1692
1693
1693
1694
1694
1695
1695
1696
1696
1697
1697
1698
1698
1699
1699
1700
1700
1701
1701
1702
1702
1703
1703
1704
1704
1705
1705
1706
1706
1707
1707
1708
1708
1709
1709
1710
1710
1711
1711
1712
1712
1713
1713
1714
1714
1715
1715
1716
1716
1717
1717
1718
1718
1719
1719
1720
1720
1721
1721
1722
1722
1723
1723
1724
1724
1725
1725
1726
1726
1727
1727
1728
1728
1729
1729
1730
1730
1731
1731
1732
1732
1733
1733
1734
1734
1735
1736
1736
1737
1737
1738
1738
1739
1739
1740
1740
1741
1741
1742
1742
1743
1743
1744
1744
1745
1745
1746
1746
1747
1747
1748
1748
1749
1749
1750
1750
1751
1751
1752
1752
1753
1753
1754
1754
1755
1755
1756
1756
1757
1757
1758
1758
1759
1759
1760
1760
1761
1761
1762
1762
1763
1763
1764
1764
1765
1765
1766
1766
1767
1767
1768
1768
1769
1769
1770
1770
1771
1771
1772
1772
1773
1773
1774
1774
1775
1775
1776
1776
1777
1777
1778
1778
1779
1779
1780
1780
1781
1781
1782
1782
1783
1783
1784
1784
1785
1785
1786
1786
1787
1787
1788
1788
1789
1789
1790
1790
1791
1792
1792
1793
1793
1794
1794
1795
1795
1796
1796
1797
1797
1798
1798
1799
1799
1800
1800
1801
1801
1802
1802
1803
1803
1804
1804
1805
1805
1806
1806
1807
1807
1808
1808
1809
1809
1810
1810
1811
1811
1812
1812
1813
1813
1814
1814
1815
1815
1816
1816
1817
1817
1818
1818
1819
1819
1820
1820
1821
1821
1822
1822
1823
1823
1824
1824
1825
1825
1826
1826
1827
1827
1828
1828
1829
1829
1830
1830
1831
1831
1832
1832
1833
1833
1834
1834
1835
1835
1836
1836
1837
1837
1838
1838
1839
1839
1840
1840
1841
1841
1842
1842
1843
1843
1844
1844
1845
1845
1846
1846
1847
1848
1848
1849
1849
1850
1850
1851
1851
1852
1852
1853
1853
1854
1854
1855
1855
1856
1856
1857
1857
1858
1858
1859
1859
1860
1860
1861
1861
1862
1862
1863
1863
1864
1864
1865
1865
1866
1866
1867
1867
1868
1868
1869
1869
1870
1870
1871
1871
1872
1872
1873
1873
1874
1874
1875
1875
1876
1876
1877
1877
1878
1878
1879
1879
1880
1880
1881
1881
1882
1882
1883
1883
1884
1884
1885
1885
1886
1886
1887
1887
1888
1888
1889
1889
1890
1890
1891
1891
1892
1892
1893
1893
1894
1894
1895
1895
1896
1896
1897
1897
1898
1898
1899
1899
1900
1900
1901
1901
1902
1902
1903
1904
1904
1905
1905
1906
1906
1907
1907
1908
1908
1909
1909
1910
1910
1911
1911
1912
1912
1913
1913
1914
1914
1915
1915
1916
1916
1917
1917
1918
1918
1919
1919
1920
1920
1921
1921
1922
1922
1923
1923
1924
1924
1925
1925
1926
1926
1927
1927
1928
1928
1929
1929
1930
1930
1931
1931
1932
1932
1933
1933
1934
1934
1935
1935
1936
1936
1937
1937
1938
1938
1939
1939
1940
1940
1941
1941
1942
1942
1943
1943
1944
1944
1945
1945
1946
1946
1947
1947
1948
1948
1949
1949
1950
1950
1951
1951
1952
1952
1953
1953
1954
1954
1955
1955
1956
1956
1957
1957
1958
1958
1959
1960
1960
1961
1961
1962
1962
1963
1963
1964
1964
1965
1965
1966
1966
1967
1967
1968
1968
1969
1969
1970
1970
1971
1971
1972
1972
1973
1973
1974
1974
1975
1975
1976
1976
1977
1977
1978
1978
1979
1979
1980
1980
1981
1981
1982
1982
1983
1983
1984
1984
1985
1985
1986
1986
1987
1987
1988
1988
1989
1989
1990
1990
1991
1991
1992
1992
1993
1993
1994
1994
1995
1995
1996
1996
1997
1997
1998
1998
1999
1999
2000
2000
2001
2001
2002
2002
2003
2003
2004
2004
2005
2005
2006
2006
2007
2007
2008
2008
2009
2009
2010
2010
2011
2011
2012
2012
2013
2013
2014
2014
2015
2016
2016
2017
2017
2018
2018
2019
2019
2020
2020
2021
2021
2022
2022
2023
2023
2024
2024
2025
2025
2026
2026
2027
2027
2028
2028
2029
2029
2030
2030
2031
2031
2032
2032
2033
2033
2034
2034
2035
2035
2036
2036
2037
2037
2038
2038
2039
2039
2040
2040
2041
2041
2042
2042
2043
2043
2044
2044
2045
2045
2046
2046
2047
2047
2048
2048
2049
2049
2050
2050
2051
2051
2052
2052
2053
2053
2054
2054
2055
2055
2056
2056
2057
2057
2058
2058
2059
2059
2060
2060
2061
2061
2062
2062
2063
2063
2064
2064
2065
2065
2066
2066
2067
2067
2068
2068
2069
2069
2070
2070
2071
2072
2072
2073
2073
2074
2074
2075
2075
2076
2076
2077
2077
2078
2078
2079
2079
2080
2080
2081
2081
2082
2082
2083
2083
2084
2084
2085
2085
2086
2086
2087
2087
2088
2088
2089
2089
2090
2090
2091
2091
2092
2092
2093
2093
2094
2094
2095
2095
2096
2096
2097
2097
2098
2098
2099
2099
2100
2100
2101
2101
2102
2102
2103
2103
2104
2104
2105
2105
2106
2106
2107
2107
2108
2108
2109
2109
2110
2110
2111
2111
2112
2112
2113
2113
2114
2114
2115
2115
2116
2116
2117
2117
2118
2118
2119
2119
2120
2120
2121
2121
2122
2122
2123
2123
2124
2124
2125
2125
2126
2126
2127
2128
2128
2129
2129
2130
2130
2131
2131
2132
2132
2133
2133
2134
2134
2135
2135
2136
2136
2137
2137
2138
2138
2139
2139
2140
2140
2141
2141
2142
2142
2143
2143
2144
2144
2145
2145
2146
2146
2147
2147
2148
2148
2149
2149
2150
2150
2151
2151
2152
2152
2153
2153
2154
2154
2155
2155
2156
2156
2157
2157
2158
2158
2159
2159
2160
2160
2161
2161
2162
2162
2163
2163
2164
2164
2165
2165
2166
2166
2167
2167
2168
2168
2169
2169
2170
2170
2171
2171
2172
2172
2173
2173
2174
2174
2175
2175
2176
2176
2177
2177
2178
2178
2179
2179
2180
2180
2181
2181
2182
2182
2183
2184
2184
2185
2185
2186
2186
2187
2187
2188
2188
2189
2189
2190
2190
2191
2191
2192
2192
2193
2193
2194
2194
2195
2195
2196
2196
2197
2197
2198
2198
2199
2199
2200
2200
2201
2201
2202
2202
2203
2203
2204
2204
2205
2205
2206
2206
2207
2207
2208
2208
2209
2209
2210
2210
2211
2211
2212
2212
2213
2213
2214
2214
2215
2215
2216
2216
2217
2217
2218
2218
2219
2219
2220
2220
2221
2221
2222
2222
2223
2223
2224
2224
2225
2225
2226
2226
2227
2227
2228
2228
2229
2229
2230
2230
2231
2231
2232
2232
2233
2233
2234
2234
2235
2235
2236
2236
2237
2237
2238
2238
2239
2240
2240
2241
2241
2242
2242
2243
2243
2244
2244
2245
2245
2246
2246
2247
2247
2248
2248
2249
2249
2250
2250
2251
2251
2252
2252
2253
2253
2254
2254
2255
2255
2256
2256
2257
2257
2258
2258
2259
2259
2260
2260
2261
2261
2262
2262
2263
2263
2264
2264
2265
2265
2266
2266
2267
2267
2268
2268
2269
2269
2270
2270
2271
2271
2272
2272
2273
2273
2274
2274
2275
2275
2276
2276
2277
2277
2278
2278
2279
2279
2280
2280
2281
2281
2282
2282
2283
2283
2284
2284
2285
2285
2286
2286
2287
2287
2288
2288
2289
2289
2290
2290
2291
2291
2292
2292
2293
2293
2294
2294
2295
2296
2296
2297
2297
2298
2298
2299
2299
2300
2300
2301
2301
2302
2302
2303
2303
2304
2304
2305
2305
2306
2306
2307
2307
2308
2308
2309
2309
2310
2310
2311
2311
2312
2312
2313
2313
2314
2314
2315
2315
2316
2316
2317
2317
2318
2318
2319
2319
2320
2320
2321
2321
2322
2322
2323
2323
2324
2324
2325
2325
2326
2326
2327
2327
2328
2328
2329
2329
2330
2330
2331
2331
2332
2332
2333
2333
2334
2334
2335
2335
2336
2336
2337
2337
2338
2338
2339
2339
2340
2340
2341
2341
2342
2342
2343
2343
2344
2344
2345
2345
2346
2346
2347
2347
2348
2348
2349
2349
2350
2350
2351
2352
2352
2353
2353
2354
2354
2355
2355
2356
2356
2357
2357
2358
2358
2359
2359
2360
2360
2361
2361
2362
2362
2363
2363
2364
2364
2365
2365
2366
2366
2367
2367
2368
2368
2369
2369
2370
2370
2371
2371
2372
2372
2373
2373
2374
2374
2375
2375
2376
2376
2377
2377
2378
2378
2379
2379
2380
2380
2381
2381
2382
2382
2383
2383
2384
2384
2385
2385
2386
2386
2387
2387
2388
2388
2389
2389
2390
2390
2391
2391
2392
2392
2393
2393
2394
2394
2395
2395
2396
2396
2397
2397
2398
2398
2399
2399
2400
2400
2401
2401
2402
2402
2403
2403
2404
2404
2405
2405
2406
2406
2407
2408
2408
2409
2409
2410
2410
2411
2411
2412
2412
2413
2413
2414
2414
2415
2415
2416
2416
2417
2417
2418
2418
2419
2419
2420
2420
2421
2421
2422
2422
2423
2423
2424
2424
2425
2425
2426
2426
2427
2427
2428
2428
2429
2429
2430
2430
2431
2431
2432
2432
2433
2433
2434
2434
2435
2435
2436
2436
2437
2437
2438
2438
2439
2439
2440
2440
2441
2441
2442
2442
2443
2443
2444
2444
2445
2445
2446
2446
2447
2447
2448
2448
2449
2449
2450
2450
2451
2451
2452
2452
2453
2453
2454
2454
2455
2455
2456
2456
2457
2457
2458
2458
2459
2459
2460
2460
2461
2461
2462
2462
2463
2464
2464
2465
2465
2466
2466
2467
2467
2468
2468
2469
2469
2470
2470
2471
2471
2472
2472
2473
2473
2474
2474
2475
2475
2476
2476
2477
2477
2478
2478
2479
2479
2480
2480
2481
2481
2482
2482
2483
2483
2484
2484
2485
2485
2486
2486
2487
2487
2488
2488
2489
2489
2490
2490
2491
2491
2492
2492
2493
2493
2494
2494
2495
2495
2496
2496
2497
2497
2498
2498
2499
2499
2500
2500
2501
2501
2502
2502
2503
2503
2504
2504
2505
2505
2506
2506
2507
2507
2508
2508
2509
2509
2510
2510
2511
2511
2512
2512
2513
2513
2514
2514
2515
2515
2516
2516
2517
2517
2518
2518
2519
2520
2520
2521
2521
2522
2522
2523
2523
2524
2524
2525
2525
2526
2526
2527
2527
2528
2528
2529
2529
2530
2530
2531
2531
2532
2532
2533
2533
2534
2534
2535
2535
2536
2536
2537
2537
2538
2538
2539
2539
2540
2540
2541
2541
2542
2542
2543
2543
2544
2544
2545
2545
2546
2546
2547
2547
2548
2548
2549
2549
2550
2550
2551
2551
2552
2552
2553
2553
2554
2554
2555
2555
2556
2556
2557
2557
2558
2558
2559
2559
2560
2560
2561
2561
2562
2562
2563
2563
2564
2564
2565
2565
2566
2566
2567
2567
2568
2568
2569
2569
2570
2570
2571
2571
2572
2572
2573
2573
2574
2574
2575
2576
2576
2577
2577
2578
2578
2579
2579
2580
2580
2581
2581
2582
2582
2583
2583
2584
2584
2585
2585
2586
2586
2587
2587
2588
2588
2589
2589
2590
2590
2591
2591
2592
2592
2593
2593
2594
2594
2595
2595
2596
2596
2597
2597
2598
2598
2599
2599
2600
2600
2601
2601
2602
2602
2603
2603
2604
2604
2605
2605
2606
2606
2607
2607
2608
2608
2609
2609
2610
2610
2611
2611
2612
2612
2613
2613
2614
2614
2615
2615
2616
2616
2617
2617
2618
2618
2619
2619
2620
2620
2621
2621
2622
2622
2623
2623
2624
2624
2625
2625
2626
2626
2627
2627
2628
2628
2629
2629
2630
2630
2631
2632
2632
2633
2633
2634
2634
2635
2635
2636
2636
2637
2637
2638
2638
2639
2639
2640
2640
2641
2641
2642
2642
2643
2643
2644
2644
2645
2645
2646
2646
2647
2647
2648
2648
2649
2649
2650
2650
2651
2651
2652
2652
2653
2653
2654
2654
2655
2655
2656
2656
2657
2657
2658
2658
2659
2659
2660
2660
2661
2661
2662
2662
2663
2663
2664
2664
2665
2665
2666
2666
2667
2667
2668
2668
2669
2669
2670
2670
2671
2671
2672
2672
2673
2673
2674
2674
2675
2675
2676
2676
2677
2677
2678
2678
2679
2679
2680
2680
2681
2681
2682
2682
2683
2683
2684
2684
2685
2685
2686
2686
2687
2688
2688
2689
2689
2690
2690
2691
2691
2692
2692
2693
2693
2694
2694
2695
2695
2696
2696
2697
2697
2698
2698
2699
2699
2700
2700
2701
2701
2702
2702
2703
2703
2704
2704
2705
2705
2706
2706
2707
2707
2708
2708
2709
2709
2710
2710
2711
2711
2712
2712
2713
2713
2714
2714
2715
2715
2716
2716
2717
2717
2718
2718
2719
2719
2720
2720
2721
2721
2722
2722
2723
2723
2724
2724
2725
2725
2726
2726
2727
2727
2728
2728
2729
2729
2730
2730
2731
2731
2732
2732
2733
2733
2734
2734
2735
2735
2736
2736
2737
2737
2738
2738
2739
2739
2740
2740
2741
2741
2742
2742
2743
2744
2744
2745
2745
2746
2746
2747
2747
2748
2748
2749
2749
2750
2750
2751
2751
2752
2752
2753
2753
2754
2754
2755
2755
2756
2756
2757
2757
2758
2758
2759
2759
2760
2760
2761
2761
2762
2762
2763
2763
2764
2764
2765
2765
2766
2766
2767
2767
2768
2768
2769
2769
2770
2770
2771
2771
2772
2772
2773
2773
2774
2774
2775
2775
2776
2776
2777
2777
2778
2778
2779
2779
2780
2780
2781
2781
2782
2782
2783
2783
2784
2784
2785
2785
2786
2786
2787
2787
2788
2788
2789
2789
2790
2790
2791
2791
2792
2792
2793
2793
2794
2794
2795
2795
2796
2796
2797
2797
2798
2798
2799
2800
2800
2801
2801
2802
2802
2803
2803
2804
2804
2805
2805
2806
2806
2807
2807
2808
2808
2809
2809
2810
2810
2811
2811
2812
2812
2813
2813
2814
2814
2815
2815
2816
2816
2817
2817
2818
2818
2819
2819
2820
2820
2821
2821
2822
2822
2823
2823
2824
2824
2825
2825
2826
2826
2827
2827
2828
2828
2829
2829
2830
2830
2831
2831
2832
2832
2833
2833
2834
2834
2835
2835
2836
2836
2837
2837
2838
2838
2839
2839
2840
2840
2841
2841
2842
2842
2843
2843
2844
2844
2845
2845
2846
2846
2847
2847
2848
2848
2849
2849
2850
2850
2851
2851
2852
2852
2853
2853
2854
2854
2855
2856
2856
2857
2857
2858
2858
2859
2859
2860
2860
2861
2861
2862
2862
2863
2863
2864
2864
2865
2865
2866
2866
2867
2867
2868
2868
2869
2869
2870
2870
2871
2871
2872
2872
2873
2873
2874
2874
2875
2875
2876
2876
2877
2877
2878
2878
2879
2879
2880
2880
2881
2881
2882
2882
2883
2883
2884
2884
2885
2885
2886
2886
2887
2887
2888
2888
2889
2889
2890
2890
2891
2891
2892
2892
2893
2893
2894
2894
2895
2895
2896
2896
2897
2897
2898
2898
2899
2899
2900
2900
2901
2901
2902
2902
2903
2903
2904
2904
2905
2905
2906
2906
2907
2907
2908
2908
2909
2909
2910
2910
2911
2912
2912
2913
2913
2914
2914
2915
2915
2916
2916
2917
2917
2918
2918
2919
2919
2920
2920
2921
2921
2922
2922
2923
2923
2924
2924
2925
2925
2926
2926
2927
2927
2928
2928
2929
2929
2930
2930
2931
2931
2932
2932
2933
2933
2934
2934
2935
2935
2936
2936
2937
2937
2938
2938
2939
2939
2940
2940
2941
2941
2942
2942
2943
2943
2944
2944
2945
2945
2946
2946
2947
2947
2948
2948
2949
2949
2950
2950
2951
2951
2952
2952
2953
2953
2954
2954
2955
2955
2956
2956
2957
2957
2958
2958
2959
2959
2960
2960
2961
2961
2962
2962
2963
2963
2964
2964
2965
2965
2966
2966
2967
2968
2968
2969
2969
2970
2970
2971
2971
2972
2972
2973
2973
2974
2974
2975
2975
2976
2976
2977
2977
2978
2978
2979
2979
2980
2980
2981
2981
2982
2982
2983
2983
2984
2984
2985
2985
2986
2986
2987
2987
2988
2988
2989
2989
2990
2990
2991
2991
2992
2992
2993
2993
2994
2994
2995
2995
2996
2996
2997
2997
2998
2998
2999
2999
3000
3000
3001
3001
3002
3002
3003
3003
3004
3004
3005
3005
3006
3006
3007
3007
3008
3008
3009
3009
3010
3010
3011
3011
3012
3012
3013
3013
3014
3014
3015
3015
3016
3016
3017
3017
3018
3018
3019
3019
3020
3020
3021
3021
3022
3022
3023
3024
3024
3025
3025
3026
3026
3027
3027
3028
3028
3029
3029
3030
3030
3031
3031
3032
3032
3033
3033
3034
3034
3035
3035
3036
3036
3037
3037
3038
3038
3039
3039
3040
3040
3041
3041
3042
3042
3043
3043
3044
3044
3045
3045
3046
3046
3047
3047
3048
3048
3049
3049
3050
3050
3051
3051
3052
3052
3053
3053
3054
3054
3055
3055
3056
3056
3057
3057
3058
3058
3059
3059
3060
3060
3061
3061
3062
3062
3063
3063
3064
3064
3065
3065
3066
3066
3067
3067
3068
3068
3069
3069
3070
3070
3071
3071
3072
3072
3073
3073
3074
3074
3075
3075
3076
3076
3077
3077
3078
3078
3079
3080
3081
3082
3083
3084
3085
3086
3087
3088
3089
3090
3091
3092
3093
3094
3095
3096
3097
3098
3099
3100
3101
3102
3103
3104
3105
3106
3107
3108
3109
3110
3111
3112
3113
3114
3115
3116
3117
3118
3119
3120
3121
3122
3123
3124
3125
3126
3127
3128
3129
3130
3131
3132
3133
3134
0
56
112
168
224
280
336
392
448
504
560
616
672
728
784
840
896
952
1008
1064
1120
1176
1232
1288
1344
1400
1456
1512
1568
1624
1680
1736
1792
1848
1904
1960
2016
2072
2128
2184
2240
2296
2352
2408
2464
2520
2576
2632
2688
2744
2800
2856
2912
2968
3024
3080
55
111
167
223
279
335
391
447
503
559
615
671
727
783
839
895
951
1007
1063
1119
1175
1231
1287
1343
1399
1455
1511
1567
1623
1679
1735
1791
1847
1903
1959
2015
2071
2127
2183
2239
2295
2351
2407
2463
2519
2575
2631
2687
2743
2799
2855
2911
2967
3023
3079
3135
3080
3081
3082
3083
3084
3085
3086
3087
3088
3089
3090
3091
3092
3093
3094
3095
3096
3097
3098
3099
3100
3101
3102
3103
3104
3105
3106
3107
3108
3109
3110
3111
3112
3113
3114
3115
3116
3117
3118
3119
3120
3121
3122
3123
3124
3125
3126
3127
3128
3129
3130
3131
3132
3133
3134
3135
0
1
2
3
4
5
6
7
8
9
10
11
12
13
14
15
16
17
18
19
20
21
22
23
24
25
26
27
28
29
30
31
32
33
34
35
36
37
38
39
40
41
42
43
44
45
46
47
48
49
50
51
52
53
54
55
0
56
112
168
224
280
336
392
448
504
560
616
672
728
784
840
896
952
1008
1064
1120
1176
1232
1288
1344
1400
1456
1512
1568
1624
1680
1736
1792
1848
1904
1960
2016
2072
2128
2184
2240
2296
2352
2408
2464
2520
2576
2632
2688
2744
2800
2856
2912
2968
3024
3080
1
57
113
169
225
281
337
393
449
505
561
617
673
729
785
841
897
953
1009
1065
1121
1177
1233
1289
1345
1401
1457
1513
1569
1625
1681
1737
1793
1849
1905
1961
2017
2073
2129
2185
2241
2297
2353
2409
2465
2521
2577
2633
2689
2745
2801
2857
2913
2969
3025
3081
2
58
114
170
226
282
338
394
450
506
562
618
674
730
786
842
898
954
1010
1066
1122
1178
1234
1290
1346
1402
1458
1514
1570
1626
1682
1738
1794
1850
1906
1962
2018
2074
2130
2186
2242
2298
2354
2410
2466
2522
2578
2634
2690
2746
2802
2858
2914
2970
3026
3082
3
59
115
171
227
283
339
395
451
507
563
619
675
731
787
843
899
955
1011
1067
1123
1179
1235
1291
1347
1403
1459
1515
1571
1627
1683
1739
1795
1851
1907
1963
2019
2075
2131
2187
2243
2299
2355
2411
2467
2523
2579
2635
2691
2747
2803
2859
2915
2971
3027
3083
4
60
116
172
228
284
340
396
452
508
564
620
676
732
788
844
900
956
1012
1068
1124
1180
1236
1292
1348
1404
1460
1516
1572
1628
1684
1740
1796
1852
1908
1964
2020
2076
2132
2188
2244
2300
2356
2412
2468
2524
2580
2636
2692
2748
2804
2860
2916
2972
3028
3084
5
61
117
173
229
285
341
397
453
509
565
621
677
733
789
845
901
957
1013
1069
1125
1181
1237
1293
1349
1405
1461
1517
1573
1629
1685
1741
1797
1853
1909
1965
2021
2077
2133
2189
2245
2301
2357
2413
2469
2525
2581
2637
2693
2749
2805
2861
2917
2973
3029
3085
6
62
118
174
230
286
342
398
454
510
566
622
678
734
790
846
902
958
1014
1070
1126
1182
1238
1294
1350
1406
1462
1518
1574
1630
1686
1742
1798
1854
1910
1966
2022
2078
2134
2190
2246
2302
2358
2414
2470
2526
2582
2638
2694
2750
2806
2862
2918
2974
3030
3086
7
63
119
175
231
287
343
399
455
511
567
623
679
735
791
847
903
959
1015
1071
1127
1183
1239
1295
1351
1407
1463
1519
1575
1631
1687
1743
1799
1855
1911
1967
2023
2079
2135
2191
2247
2303
2359
2415
2471
2527
2583
2639
2695
2751
2807
2863
2919
2975
3031
3087
8
64
120
176
232
288
344
400
456
512
568
624
680
736
792
848
904
960
1016
1072
1128
1184
1240
1296
1352
1408
1464
1520
1576
1632
1688
1744
1800
1856
1912
1968
2024
2080
2136
2192
2248
2304
2360
2416
2472
2528
2584
2640
2696
2752
2808
2864
2920
2976
3032
3088
9
65
121
177
233
289
345
401
457
513
569
625
681
737
793
849
905
961
1017
1073
1129
1185
1241
1297
1353
1409
1465
1521
1577
1633
1689
1745
1801
1857
1913
1969
2025
2081
2137
2193
2249
2305
2361
2417
2473
2529
2585
2641
2697
2753
2809
2865
2921
2977
3033
3089
10
66
122
178
234
290
346
402
458
514
570
626
682
738
794
850
906
962
1018
1074
1130
1186
1242
1298
1354
1410
1466
1522
1578
1634
1690
1746
1802
1858
1914
1970
2026
2082
2138
2194
2250
2306
2362
2418
2474
2530
2586
2642
2698
2754
2810
2866
2922
2978
3034
3090
11
67
123
179
235
291
347
403
459
515
571
627
683
739
795
851
907
963
1019
1075
1131
1187
1243
1299
1355
1411
1467
1523
1579
1635
1691
1747
1803
1859
1915
1971
2027
2083
2139
2195
2251
2307
2363
2419
2475
2531
2587
2643
2699
2755
2811
2867
2923
2979
3035
3091
12
68
124
180
236
292
348
404
460
516
572
628
684
740
796
852
908
964
1020
1076
1132
1188
1244
1300
1356
1412
1468
1524
1580
1636
1692
1748
1804
1860
1916
1972
2028
2084
2140
2196
2252
2308
2364
2420
2476
2532
2588
2644
2700
2756
2812
2868
2924
2980
3036
3092
13
69
125
181
237
293
349
405
461
517
573
629
685
741
797
853
909
965
1021
1077
1133
1189
1245
1301
1357
1413
1469
1525
1581
1637
1693
1749
1805
1861
1917
1973
2029
2085
2141
2197
2253
2309
2365
2421
2477
2533
2589
2645
2701
2757
2813
2869
2925
2981
3037
3093
14
70
126
182
238
294
350
406
462
518
574
630
686
742
798
854
910
966
1022
1078
1134
1190
1246
1302
1358
1414
1470
1526
1582
1638
1694
1750
1806
1862
1918
1974
2030
2086
2142
2198
2254
2310
2366
2422
2478
2534
2590
2646
2702
2758
2814
2870
2926
2982
3038
3094
15
71
127
183
239
295
351
407
463
519
575
631
687
743
799
855
911
967
1023
1079
1135
1191
1247
1303
1359
1415
1471
1527
1583
1639
1695
1751
1807
1863
1919
1975
2031
2087
2143
2199
2255
2311
2367
2423
2479
2535
2591
2647
2703
2759
2815
2871
2927
2983
3039
3095
16
72
128
184
240
296
352
408
464
520
576
632
688
744
800
856
912
968
1024
1080
1136
1192
1248
1304
1360
1416
1472
1528
1584
1640
1696
1752
1808
1864
1920
1976
2032
2088
2144
2200
2256
2312
2368
2424
2480
2536
2592
2648
2704
2760
2816
2872
2928
2984
3040
3096
17
73
129
185
241
297
353
409
465
521
577
633
689
745
801
857
913
969
1025
1081
1137
1193
1249
1305
1361
1417
1473
1529
1585
1641
1697
1753
1809
1865
1921
1977
2033
2089
2145
2201
2257
2313
2369
2425
2481
2537
2593
2649
2705
2761
2817
2873
2929
2985
3041
3097
18
74
130
186
242
298
354
410
466
522
578
634
690
746
802
858
914
970
1026
1082
1138
1194
1250
1306
1362
1418
1474
1530
1586
1642
1698
1754
1810
1866
1922
1978
2034
2090
2146
2202
2258
2314
2370
2426
2482
2538
2594
2650
2706
2762
2818
2874
2930
2986
3042
3098
19
75
131
187
243
299
355
411
467
523
579
635
691
747
803
859
915
971
1027
1083
1139
1195
1251
1307
1363
1419
1475
1531
1587
1643
1699
1755
1811
1867
1923
1979
2035
2091
2147
2203
2259
2315
2371
2427
2483
2539
2595
2651
2707
2763
2819
2875
2931
2987
3043
3099
20
76
132
188
244
300
356
412
468
524
580
636
692
748
804
860
916
972
1028
1084
1140
1196
1252
1308
1364
1420
1476
1532
1588
1644
1700
1756
1812
1868
1924
1980
2036
2092
2148
2204
2260
2316
2372
2428
2484
2540
2596
2652
2708
2764
2820
2876
2932
2988
3044
3100
21
77
133
189
245
301
357
413
469
525
581
637
693
749
805
861
917
973
1029
1085
1141
1197
1253
1309
1365
1421
1477
1533
1589
1645
1701
1757
1813
1869
1925
1981
2037
2093
2149
2205
2261
2317
2373
2429
2485
2541
2597
2653
2709
2765
2821
2877
2933
2989
3045
3101
22
78
134
190
246
302
358
414
470
526
582
638
694
750
806
862
918
974
1030
1086
1142
1198
1254
1310
1366
1422
1478
1534
1590
1646
1702
1758
1814
1870
1926
1982
2038
2094
2150
2206
2262
2318
2374
2430
2486
2542
2598
2654
2710
2766
2822
2878
2934
2990
3046
3102
23
79
135
191
247
303
359
415
471
527
583
639
695
751
807
863
919
975
1031
1087
1143
1199
1255
1311
1367
1423
1479
1535
1591
1647
1703
1759
1815
1871
1927
1983
2039
2095
2151
2207
2263
2319
2375
2431
2487
2543
2599
2655
2711
2767
2823
2879
2935
2991
3047
3103
24
80
136
192
248
304
360
416
472
528
584
640
696
752
808
864
920
976
1032
1088
1144
1200
1256
1312
1368
1424
1480
1536
1592
1648
1704
1760
1816
1872
1928
1984
2040
2096
2152
2208
2264
2320
2376
2432
2488
2544
2600
2656
2712
2768
2824
2880
2936
2992
3048
3104
25
81
137
193
249
305
361
417
473
529
585
641
697
753
809
865
921
977
1033
1089
1145
1201
1257
1313
1369
1425
1481
1537
1593
1649
1705
1761
1817
1873
1929
1985
2041
2097
2153
2209
2265
2321
2377
2433
2489
2545
2601
2657
2713
2769
2825
2881
2937
2993
3049
3105
26
82
138
194
250
306
362
418
474
530
586
642
698
754
810
866
922
978
1034
1090
1146
1202
1258
1314
1370
1426
1482
1538
1594
1650
1706
1762
1818
1874
1930
1986
2042
2098
2154
2210
2266
2322
2378
2434
2490
2546
2602
2658
2714
2770
2826
2882
2938
2994
3050
3106
27
83
139
195
251
307
363
419
475
531
587
643
699
755
811
867
923
979
1035
1091
1147
1203
1259
1315
1371
1427
1483
1539
1595
1651
1707
1763
1819
1875
1931
1987
2043
2099
2155
2211
2267
2323
2379
2435
2491
2547
2603
2659
2715
2771
2827
2883
2939
2995
3051
3107
28
84
140
196
252
308
364
420
476
532
588
644
700
756
812
868
924
980
1036
1092
1148
1204
1260
1316
1372
1428
1484
1540
1596
1652
1708
1764
1820
1876
1932
1988
2044
2100
2156
2212
2268
2324
2380
2436
2492
2548
2604
2660
2716
2772
2828
2884
2940
2996
3052
3108
29
85
141
197
253
309
365
421
477
533
589
645
701
757
813
869
925
981
1037
1093
1149
1205
1261
1317
1373
1429
1485
1541
1597
1653
1709
1765
1821
1877
1933
1989
2045
2101
2157
2213
2269
2325
2381
2437
2493
2549
2605
2661
2717
2773
2829
2885
2941
2997
3053
3109
30
86
142
198
254
310
366
422
478
534
590
646
702
758
814
870
926
982
1038
1094
1150
1206
1262
1318
1374
1430
1486
1542
1598
1654
1710
1766
1822
1878
1934
1990
2046
2102
2158
2214
2270
2326
2382
2438
2494
2550
2606
2662
2718
2774
2830
2886
2942
2998
3054
3110
31
87
143
199
255
311
367
423
479
535
591
647
703
759
815
871
927
983
1039
1095
1151
1207
1263
1319
1375
1431
1487
1543
1599
1655
1711
1767
1823
1879
1935
1991
2047
2103
2159
2215
2271
2327
2383
2439
2495
2551
2607
2663
2719
2775
2831
2887
2943
2999
3055
3111
32
88
144
200
256
312
368
424
480
536
592
648
704
760
816
872
928
984
1040
1096
1152
1208
1264
1320
1376
1432
1488
1544
1600
1656
1712
1768
1824
1880
1936
1992
2048
2104
2160
2216
2272
2328
2384
2440
2496
2552
2608
2664
2720
2776
2832
2888
2944
3000
3056
3112
33
89
145
201
257
313
369
425
481
537
593
649
705
761
817
873
929
985
1041
1097
1153
1209
1265
1321
1377
1433
1489
1545
1601
1657
1713
1769
1825
1881
1937
1993
2049
2105
2161
2217
2273
2329
2385
2441
2497
2553
2609
2665
2721
2777
2833
2889
2945
3001
3057
3113
34
90
146
202
258
314
370
426
482
538
594
650
706
762
818
874
930
986
1042
1098
1154
1210
1266
1322
1378
1434
1490
1546
1602
1658
1714
1770
1826
1882
1938
1994
2050
2106
2162
2218
2274
2330
2386
2442
2498
2554
2610
2666
2722
2778
2834
2890
2946
3002
3058
3114
35
91
147
203
259
315
371
427
483
539
595
651
707
763
819
875
931
987
1043
1099
1155
1211
1267
1323
1379
1435
1491
1547
1603
1659
1715
1771
1827
1883
1939
1995
2051
2107
2163
2219
2275
2331
2387
2443
2499
2555
2611
2667
2723
2779
2835
2891
2947
3003
3059
3115
36
92
148
204
260
316
372
428
484
540
596
652
708
764
820
876
932
988
1044
1100
1156
1212
1268
1324
1380
1436
1492
1548
1604
1660
1716
1772
1828
1884
1940
1996
2052
2108
2164
2220
2276
2332
2388
2444
2500
2556
2612
2668
2724
2780
2836
2892
2948
3004
3060
3116
37
93
149
205
261
317
373
429
485
541
597
653
709
765
821
877
933
989
1045
1101
1157
1213
1269
1325
1381
1437
1493
1549
1605
1661
1717
1773
1829
1885
1941
1997
2053
2109
2165
2221
2277
2333
2389
2445
2501
2557
2613
2669
2725
2781
2837
2893
2949
3005
3061
3117
38
94
150
206
262
318
374
430
486
542
598
654
710
766
822
878
934
990
1046
1102
1158
1214
1270
1326
1382
1438
1494
1550
1606
1662
1718
1774
1830
1886
1942
1998
2054
2110
2166
2222
2278
2334
2390
2446
2502
2558
2614
2670
2726
2782
2838
2894
2950
3006
3062
3118
39
95
151
207
263
319
375
431
487
543
599
655
711
767
823
879
935
991
1047
1103
1159
1215
1271
1327
1383
1439
1495
1551
1607
1663
1719
1775
1831
1887
1943
1999
2055
2111
2167
2223
2279
2335
2391
2447
2503
2559
2615
2671
2727
2783
2839
2895
2951
3007
3063
3119
40
96
152
208
264
320
376
432
488
544
600
656
712
768
824
880
936
992
1048
1104
1160
1216
1272
1328
1384
1440
1496
1552
1608
1664
1720
1776
1832
1888
1944
2000
2056
2112
2168
2224
2280
2336
2392
2448
2504
2560
2616
2672
2728
2784
2840
2896
2952
3008
3064
3120
41
97
153
209
265
321
377
433
489
545
601
657
713
769
825
881
937
993
1049
1105
1161
1217
1273
1329
1385
1441
1497
1553
1609
1665
1721
1777
1833
1889
1945
2001
2057
2113
2169
2225
2281
2337
2393
2449
2505
2561
2617
2673
2729
2785
2841
2897
2953
3009
3065
3121
42
98
154
210
266
322
378
434
490
546
602
658
714
770
826
882
938
994
1050
1106
1162
1218
1274
1330
1386
1442
1498
1554
1610
1666
1722
1778
1834
1890
1946
2002
2058
2114
2170
2226
2282
2338
2394
2450
2506
2562
2618
2674
2730
2786
2842
2898
2954
3010
3066
3122
43
99
155
211
267
323
379
435
491
547
603
659
715
771
827
883
939
995
1051
1107
1163
1219
1275
1331
1387
1443
1499
1555
1611
1667
1723
1779
1835
1891
1947
2003
2059
2115
2171
2227
2283
2339
2395
2451
2507
2563
2619
2675
2731
2787
2843
2899
2955
3011
3067
3123
44
100
156
212
268
324
380
436
492
548
604
660
716
772
828
884
940
996
1052
1108
1164
1220
1276
1332
1388
1444
1500
1556
1612
1668
1724
1780
1836
1892
1948
2004
2060
2116
2172
2228
2284
2340
2396
2452
2508
2564
2620
2676
2732
2788
2844
2900
2956
3012
3068
3124
45
101
157
213
269
325
381
437
493
549
605
661
717
773
829
885
941
997
1053
1109
1165
1221
1277
1333
1389
1445
1501
1557
1613
1669
1725
1781
1837
1893
1949
2005
2061
2117
2173
2229
2285
2341
2397
2453
2509
2565
2621
2677
2733
2789
2845
2901
2957
3013
3069
3125
46
102
158
214
270
326
382
438
494
550
606
662
718
774
830
886
942
998
1054
1110
1166
1222
1278
1334
1390
1446
1502
1558
1614
1670
1726
1782
1838
1894
1950
2006
2062
2118
2174
2230
2286
2342
2398
2454
2510
2566
2622
2678
2734
2790
2846
2902
2958
3014
3070
3126
47
103
159
215
271
327
383
439
495
551
607
663
719
775
831
887
943
999
1055
1111
1167
1223
1279
1335
1391
1447
1503
1559
1615
1671
1727
1783
1839
1895
1951
2007
2063
2119
2175
2231
2287
2343
2399
2455
2511
2567
2623
2679
2735
2791
2847
2903
2959
3015
3071
3127
48
104
160
216
272
328
384
440
496
552
608
664
720
776
832
888
944
1000
1056
1112
1168
1224
1280
1336
1392
1448
1504
1560
1616
1672
1728
1784
1840
1896
1952
2008
2064
2120
2176
2232
2288
2344
2400
2456
2512
2568
2624
2680
2736
2792
2848
2904
2960
3016
3072
3128
49
105
161
217
273
329
385
441
497
553
609
665
721
777
833
889
945
1001
1057
1113
1169
1225
1281
1337
1393
1449
1505
1561
1617
1673
1729
1785
1841
1897
1953
2009
2065
2121
2177
2233
2289
2345
2401
2457
2513
2569
2625
2681
2737
2793
2849
2905
2961
3017
3073
3129
50
106
162
218
274
330
386
442
498
554
610
666
722
778
834
890
946
1002
1058
1114
1170
1226
1282
1338
1394
1450
1506
1562
1618
1674
1730
1786
1842
1898
1954
2010
2066
2122
2178
2234
2290
2346
2402
2458
2514
2570
2626
2682
2738
2794
2850
2906
2962
3018
3074
3130
51
107
163
219
275
331
387
443
499
555
611
667
723
779
835
891
947
1003
1059
1115
1171
1227
1283
1339
1395
1451
1507
1563
1619
1675
1731
1787
1843
1899
1955
2011
2067
2123
2179
2235
2291
2347
2403
2459
2515
2571
2627
2683
2739
2795
2851
2907
2963
3019
3075
3131
52
108
164
220
276
332
388
444
500
556
612
668
724
780
836
892
948
1004
1060
1116
1172
1228
1284
1340
1396
1452
1508
1564
1620
1676
1732
1788
1844
1900
1956
2012
2068
2124
2180
2236
2292
2348
2404
2460
2516
2572
2628
2684
2740
2796
2852
2908
2964
3020
3076
3132
53
109
165
221
277
333
389
445
501
557
613
669
725
781
837
893
949
1005
1061
1117
1173
1229
1285
1341
1397
1453
1509
1565
1621
1677
1733
1789
1845
1901
1957
2013
2069
2125
2181
2237
2293
2349
2405
2461
2517
2573
2629
2685
2741
2797
2853
2909
2965
3021
3077
3133
54
110
166
222
278
334
390
446
502
558
614
670
726
782
838
894
950
1006
1062
1118
1174
1230
1286
1342
1398
1454
1510
1566
1622
1678
1734
1790
1846
1902
1958
2014
2070
2126
2182
2238
2294
2350
2406
2462
2518
2574
2630
2686
2742
2798
2854
2910
2966
3022
3078
3134
55
111
167
223
279
335
391
447
503
559
615
671
727
783
839
895
951
1007
1063
1119
1175
1231
1287
1343
1399
1455
1511
1567
1623
1679
1735
1791
1847
1903
1959
2015
2071
2127
2183
2239
2295
2351
2407
2463
2519
2575
2631
2687
2743
2799
2855
2911
2967
3023
3079
3135
0
56
112
168
224
280
336
392
448
504
560
616
672
728
784
840
896
952
1008
1064
1120
1176
1232
1288
1344
1400
1456
1512
1568
1624
1680
1736
1792
1848
1904
1960
2016
2072
2128
2184
2240
2296
2352
2408
2464
2520
2576
2632
2688
2744
2800
2856
2912
2968
3024
3080
1
57
113
169
225
281
337
393
449
505
561
617
673
729
785
841
897
953
1009
1065
1121
1177
1233
1289
1345
1401
1457
1513
1569
1625
1681
1737
1793
1849
1905
1961
2017
2073
2129
2185
2241
2297
2353
2409
2465
2521
2577
2633
2689
2745
2801
2857
2913
2969
3025
3081
2
58
114
170
226
282
338
394
450
506
562
618
674
730
786
842
898
954
1010
1066
1122
1178
1234
1290
1346
1402
1458
1514
1570
1626
1682
1738
1794
1850
1906
1962
2018
2074
2130
2186
2242
2298
2354
2410
2466
2522
2578
2634
2690
2746
2802
2858
2914
2970
3026
3082
3
59
115
171
227
283
339
395
451
507
563
619
675
731
787
843
899
955
1011
1067
1123
1179
1235
1291
1347
1403
1459
1515
1571
1627
1683
1739
1795
1851
1907
1963
2019
2075
2131
2187
2243
2299
2355
2411
2467
2523
2579
2635
2691
2747
2803
2859
2915
2971
3027
3083
4
60
116
172
228
284
340
396
452
508
564
620
676
732
788
844
900
956
1012
1068
1124
1180
1236
1292
1348
1404
1460
1516
1572
1628
1684
1740
1796
1852
1908
1964
2020
2076
2132
2188
2244
2300
2356
2412
2468
2524
2580
2636
2692
2748
2804
2860
2916
2972
3028
3084
5
61
117
173
229
285
341
397
453
509
565
621
677
733
789
845
901
957
1013
1069
1125
1181
1237
1293
1349
1405
1461
1517
1573
1629
1685
1741
1797
1853
1909
1965
2021
2077
2133
2189
2245
2301
2357
2413
2469
2525
2581
2637
2693
2749
2805
2861
2917
2973
3029
3085
6
62
118
174
230
286
342
398
454
510
566
622
678
734
790
846
902
958
1014
1070
1126
1182
1238
1294
1350
1406
1462
1518
1574
1630
1686
1742
1798
1854
1910
1966
2022
2078
2134
2190
2246
2302
2358
2414
2470
2526
2582
2638
2694
2750
2806
2862
2918
2974
3030
3086
7
63
119
175
231
287
343
399
455
511
567
623
679
735
791
847
903
959
1015
1071
1127
1183
1239
1295
1351
1407
1463
1519
1575
1631
1687
1743
1799
1855
1911
1967
2023
2079
2135
2191
2247
2303
2359
2415
2471
2527
2583
2639
2695
2751
2807
2863
2919
2975
3031
3087
8
64
120
176
232
288
344
400
456
512
568
624
680
736
792
848
904
960
1016
1072
1128
1184
1240
1296
1352
1408
1464
1520
1576
1632
1688
1744
1800
1856
1912
1968
2024
2080
2136
2192
2248
2304
2360
2416
2472
2528
2584
2640
2696
2752
2808
2864
2920
2976
3032
3088
9
65
121
177
233
289
345
401
457
513
569
625
681
737
793
849
905
961
1017
1073
1129
1185
1241
1297
1353
1409
1465
1521
1577
1633
1689
1745
1801
1857
1913
1969
2025
2081
2137
2193
2249
2305
2361
2417
2473
2529
2585
2641
2697
2753
2809
2865
2921
2977
3033
3089
10
66
122
178
234
290
346
402
458
514
570
626
682
738
794
850
906
962
1018
1074
1130
1186
1242
1298
1354
1410
1466
1522
1578
1634
1690
1746
1802
1858
1914
1970
2026
2082
2138
2194
2250
2306
2362
2418
2474
2530
2586
2642
2698
2754
2810
2866
2922
2978
3034
3090
11
67
123
179
235
291
347
403
459
515
571
627
683
739
795
851
907
963
1019
1075
1131
1187
1243
1299
1355
1411
1467
1523
1579
1635
1691
1747
1803
1859
1915
1971
2027
2083
2139
2195
2251
2307
2363
2419
2475
2531
2587
2643
2699
2755
2811
2867
2923
2979
3035
3091
12
68
124
180
236
292
348
404
460
516
572
628
684
740
796
852
908
964
1020
1076
1132
1188
1244
1300
1356
1412
1468
1524
1580
1636
1692
1748
1804
1860
1916
1972
2028
2084
2140
2196
2252
2308
2364
2420
2476
2532
2588
2644
2700
2756
2812
2868
2924
2980
3036
3092
13
69
125
181
237
293
349
405
461
517
573
629
685
741
797
853
909
965
1021
1077
1133
1189
1245
1301
1357
1413
1469
1525
1581
1637
1693
1749
1805
1861
1917
1973
2029
2085
2141
2197
2253
2309
2365
2421
2477
2533
2589
2645
2701
2757
2813
2869
2925
2981
3037
3093
14
70
126
182
238
294
350
406
462
518
574
630
686
742
798
854
910
966
1022
1078
1134
1190
1246
1302
1358
1414
1470
1526
1582
1638
1694
1750
1806
1862
1918
1974
2030
2086
2142
2198
2254
2310
2366
2422
2478
2534
2590
2646
2702
2758
2814
2870
2926
2982
3038
3094
15
71
127
183
239
295
351
407
463
519
575
631
687
743
799
855
911
967
1023
1079
1135
1191
1247
1303
1359
1415
1471
1527
1583
1639
1695
1751
1807
1863
1919
1975
2031
2087
2143
2199
2255
2311
2367
2423
2479
2535
2591
2647
2703
2759
2815
2871
2927
2983
3039
3095
16
72
128
184
240
296
352
408
464
520
576
632
688
744
800
856
912
968
1024
1080
1136
1192
1248
1304
1360
1416
1472
1528
1584
1640
1696
1752
1808
1864
1920
1976
2032
2088
2144
2200
2256
2312
2368
2424
2480
2536
2592
2648
2704
2760
2816
2872
2928
2984
3040
3096
17
73
129
185
241
297
353
409
465
521
577
633
689
745
801
857
913
969
1025
1081
1137
1193
1249
1305
1361
1417
1473
1529
1585
1641
1697
1753
1809
1865
1921
1977
2033
2089
2145
2201
2257
2313
2369
2425
2481
2537
2593
2649
2705
2761
2817
2873
2929
2985
3041
3097
18
74
130
186
242
298
354
410
466
522
578
634
690
746
802
858
914
970
1026
1082
1138
1194
1250
1306
1362
1418
1474
1530
1586
1642
1698
1754
1810
1866
1922
1978
2034
2090
2146
2202
2258
2314
2370
2426
2482
2538
2594
2650
2706
2762
2818
2874
2930
2986
3042
3098
19
75
131
187
243
299
355
411
467
523
579
635
691
747
803
859
915
971
1027
1083
1139
1195
1251
1307
1363
1419
1475
1531
1587
1643
1699
1755
1811
1867
1923
1979
2035
2091
2147
2203
2259
2315
2371
2427
2483
2539
2595
2651
2707
2763
2819
2875
2931
2987
3043
3099
20
76
132
188
244
300
356
412
468
524
580
636
692
748
804
860
916
972
1028
1084
1140
1196
1252
1308
1364
1420
1476
1532
1588
1644
1700
1756
1812
1868
1924
1980
2036
2092
2148
2204
2260
2316
2372
2428
2484
2540
2596
2652
2708
2764
2820
2876
2932
2988
3044
3100
21
77
133
189
245
301
357
413
469
525
581
637
693
749
805
861
917
973
1029
1085
1141
1197
1253
1309
1365
1421
1477
1533
1589
1645
1701
1757
1813
1869
1925
1981
2037
2093
2149
2205
2261
2317
2373
2429
2485
2541
2597
2653
2709
2765
2821
2877
2933
2989
3045
3101
22
78
134
190
246
302
358
414
470
526
582
638
694
750
806
862
918
974
1030
1086
1142
1198
1254
1310
1366
1422
1478
1534
1590
1646
1702
1758
1814
1870
1926
1982
2038
2094
2150
2206
2262
2318
2374
2430
2486
2542
2598
2654
2710
2766
2822
2878
2934
2990
3046
3102
23
79
135
191
247
303
359
415
471
527
583
639
695
751
807
863
919
975
1031
1087
1143
1199
1255
1311
1367
1423
1479
1535
1591
1647
1703
1759
1815
1871
1927
1983
2039
2095
2151
2207
2263
2319
2375
2431
2487
2543
2599
2655
2711
2767
2823
2879
2935
2991
3047
3103
24
80
136
192
248
304
360
416
472
528
584
640
696
752
808
864
920
976
1032
1088
1144
1200
1256
1312
1368
1424
1480
1536
1592
1648
1704
1760
1816
1872
1928
1984
2040
2096
2152
2208
2264
2320
2376
2432
2488
2544
2600
2656
2712
2768
2824
2880
2936
2992
3048
3104
25
81
137
193
249
305
361
417
473
529
585
641
697
753
809
865
921
977
1033
1089
1145
1201
1257
1313
1369
1425
1481
1537
1593
1649
1705
1761
1817
1873
1929
1985
2041
2097
2153
2209
2265
2321
2377
2433
2489
2545
2601
2657
2713
2769
2825
2881
2937
2993
3049
3105
26
82
138
194
250
306
362
418
474
530
586
642
698
754
810
866
922
978
1034
1090
1146
1202
1258
1314
1370
1426
1482
1538
1594
1650
1706
1762
1818
1874
1930
1986
2042
2098
2154
2210
2266
2322
2378
2434
2490
2546
2602
2658
2714
2770
2826
2882
2938
2994
3050
3106
27
83
139
195
251
307
363
419
475
531
587
643
699
755
811
867
923
979
1035
1091
1147
1203
1259
1315
1371
1427
1483
1539
1595
1651
1707
1763
1819
1875
1931
1987
2043
2099
2155
2211
2267
2323
2379
2435
2491
2547
2603
2659
2715
2771
2827
2883
2939
2995
3051
3107
28
84
140
196
252
308
364
420
476
532
588
644
700
756
812
868
924
980
1036
1092
1148
1204
1260
1316
1372
1428
1484
1540
1596
1652
1708
1764
1820
1876
1932
1988
2044
2100
2156
2212
2268
2324
2380
2436
2492
2548
2604
2660
2716
2772
2828
2884
2940
2996
3052
3108
29
85
141
197
253
309
365
421
477
533
589
645
701
757
813
869
925
981
1037
1093
1149
1205
1261
1317
1373
1429
1485
1541
1597
1653
1709
1765
1821
1877
1933
1989
2045
2101
2157
2213
2269
2325
2381
2437
2493
2549
2605
2661
2717
2773
2829
2885
2941
2997
3053
3109
30
86
142
198
254
310
366
422
478
534
590
646
702
758
814
870
926
982
1038
1094
1150
1206
1262
1318
1374
1430
1486
1542
1598
1654
1710
1766
1822
1878
1934
1990
2046
2102
2158
2214
2270
2326
2382
2438
2494
2550
2606
2662
2718
2774
2830
2886
2942
2998
3054
3110
31
87
143
199
255
311
367
423
479
535
591
647
703
759
815
871
927
983
1039
1095
1151
1207
1263
1319
1375
1431
1487
1543
1599
1655
1711
1767
1823
1879
1935
1991
2047
2103
2159
2215
2271
2327
2383
2439
2495
2551
2607
2663
2719
2775
2831
2887
2943
2999
3055
3111
32
88
144
200
256
312
368
424
480
536
592
648
704
760
816
872
928
984
1040
1096
1152
1208
1264
1320
1376
1432
1488
1544
1600
1656
1712
1768
1824
1880
1936
1992
2048
2104
2160
2216
2272
2328
2384
2440
2496
2552
2608
2664
2720
2776
2832
2888
2944
3000
3056
3112
33
89
145
201
257
313
369
425
481
537
593
649
705
761
817
873
929
985
1041
1097
1153
1209
1265
1321
1377
1433
1489
1545
1601
1657
1713
1769
1825
1881
1937
1993
2049
2105
2161
2217
2273
2329
2385
2441
2497
2553
2609
2665
2721
2777
2833
2889
2945
3001
3057
3113
34
90
146
202
258
314
370
426
482
538
594
650
706
762
818
874
930
986
1042
1098
1154
1210
1266
1322
1378
1434
1490
1546
1602
1658
1714
1770
1826
1882
1938
1994
2050
2106
2162
2218
2274
2330
2386
2442
2498
2554
2610
2666
2722
2778
2834
2890
2946
3002
3058
3114
35
91
147
203
259
315
371
427
483
539
595
651
707
763
819
875
931
987
1043
1099
1155
1211
1267
1323
1379
1435
1491
1547
1603
1659
1715
1771
1827
1883
1939
1995
2051
2107
2163
2219
2275
2331
2387
2443
2499
2555
2611
2667
2723
2779
2835
2891
2947
3003
3059
3115
36
92
148
204
260
316
372
428
484
540
596
652
708
764
820
876
932
988
1044
1100
1156
1212
1268
1324
1380
1436
1492
1548
1604
1660
1716
1772
1828
1884
1940
1996
2052
2108
2164
2220
2276
2332
2388
2444
2500
2556
2612
2668
2724
2780
2836
2892
2948
3004
3060
3116
37
93
149
205
261
317
373
429
485
541
597
653
709
765
821
877
933
989
1045
1101
1157
1213
1269
1325
1381
1437
1493
1549
1605
1661
1717
1773
1829
1885
1941
1997
2053
2109
2165
2221
2277
2333
2389
2445
2501
2557
2613
2669
2725
2781
2837
2893
2949
3005
3061
3117
38
94
150
206
262
318
374
430
486
542
598
654
710
766
822
878
934
990
1046
1102
1158
1214
1270
1326
1382
1438
1494
1550
1606
1662
1718
1774
1830
1886
1942
1998
2054
2110
2166
2222
2278
2334
2390
2446
2502
2558
2614
2670
2726
2782
2838
2894
2950
3006
3062
3118
39
95
151
207
263
319
375
431
487
543
599
655
711
767
823
879
935
991
1047
1103
1159
1215
1271
1327
1383
1439
1495
1551
1607
1663
1719
1775
1831
1887
1943
1999
2055
2111
2167
2223
2279
2335
2391
2447
2503
2559
2615
2671
2727
2783
2839
2895
2951
3007
3063
3119
40
96
152
208
264
320
376
432
488
544
600
656
712
768
824
880
936
992
1048
1104
1160
1216
1272
1328
1384
1440
1496
1552
1608
1664
1720
1776
1832
1888
1944
2000
2056
2112
2168
2224
2280
2336
2392
2448
2504
2560
2616
2672
2728
2784
2840
2896
2952
3008
3064
3120
41
97
153
209
265
321
377
433
489
545
601
657
713
769
825
881
937
993
1049
1105
1161
1217
1273
1329
1385
1441
1497
1553
1609
1665
1721
1777
1833
1889
1945
2001
2057
2113
2169
2225
2281
2337
2393
2449
2505
2561
2617
2673
2729
2785
2841
2897
2953
3009
3065
3121
42
98
154
210
266
322
378
434
490
546
602
658
714
770
826
882
938
994
1050
1106
1162
1218
1274
1330
1386
1442
1498
1554
1610
1666
1722
1778
1834
1890
1946
2002
2058
2114
2170
2226
2282
2338
2394
2450
2506
2562
2618
2674
2730
2786
2842
2898
2954
3010
3066
3122
43
99
155
211
267
323
379
435
491
547
603
659
715
771
827
883
939
995
1051
1107
1163
1219
1275
1331
1387
1443
1499
1555
1611
1667
1723
1779
1835
1891
1947
2003
2059
2115
2171
2227
2283
2339
2395
2451
2507
2563
2619
2675
2731
2787
2843
2899
2955
3011
3067
3123
44
100
156
212
268
324
380
436
492
548
604
660
716
772
828
884
940
996
1052
1108
1164
1220
1276
1332
1388
1444
1500
1556
1612
1668
1724
1780
1836
1892
1948
2004
2060
2116
2172
2228
2284
2340
2396
2452
2508
2564
2620
2676
2732
2788
2844
2900
2956
3012
3068
3124
45
101
157
213
269
325
381
437
493
549
605
661
717
773
829
885
941
997
1053
1109
1165
1221
1277
1333
1389
1445
1501
1557
1613
1669
1725
1781
1837
1893
1949
2005
2061
2117
2173
2229
2285
2341
2397
2453
2509
2565
2621
2677
2733
2789
2845
2901
2957
3013
3069
3125
46
102
158
214
270
326
382
438
494
550
606
662
718
774
830
886
942
998
1054
1110
1166
1222
1278
1334
1390
1446
1502
1558
1614
1670
1726
1782
1838
1894
1950
2006
2062
2118
2174
2230
2286
2342
2398
2454
2510
2566
2622
2678
2734
2790
2846
2902
2958
3014
3070
3126
47
103
159
215
271
327
383
439
495
551
607
663
719
775
831
887
943
999
1055
1111
1167
1223
1279
1335
1391
1447
1503
1559
1615
1671
1727
1783
1839
1895
1951
2007
2063
2119
2175
2231
2287
2343
2399
2455
2511
2567
2623
2679
2735
2791
2847
2903
2959
3015
3071
3127
48
104
160
216
272
328
384
440
496
552
608
664
720
776
832
888
944
1000
1056
1112
1168
1224
1280
1336
1392
1448
1504
1560
1616
1672
1728
1784
1840
1896
1952
2008
2064
2120
2176
2232
2288
2344
2400
2456
2512
2568
2624
2680
2736
2792
2848
2904
2960
3016
3072
3128
49
105
161
217
273
329
385
441
497
553
609
665
721
777
833
889
945
1001
1057
1113
1169
1225
1281
1337
1393
1449
1505
1561
1617
1673
1729
1785
1841
1897
1953
2009
2065
2121
2177
2233
2289
2345
2401
2457
2513
2569
2625
2681
2737
2793
2849
2905
2961
3017
3073
3129
50
106
162
218
274
330
386
442
498
554
610
666
722
778
834
890
946
1002
1058
1114
1170
1226
1282
1338
1394
1450
1506
1562
1618
1674
1730
1786
1842
1898
1954
2010
2066
2122
2178
2234
2290
2346
2402
2458
2514
2570
2626
2682
2738
2794
2850
2906
2962
3018
3074
3130
51
107
163
219
275
331
387
443
499
555
611
667
723
779
835
891
947
1003
1059
1115
1171
1227
1283
1339
1395
1451
1507
1563
1619
1675
1731
1787
1843
1899
1955
2011
2067
2123
2179
2235
2291
2347
2403
2459
2515
2571
2627
2683
2739
2795
2851
2907
2963
3019
3075
3131
52
108
164
220
276
332
388
444
500
556
612
668
724
780
836
892
948
1004
1060
1116
1172
1228
1284
1340
1396
1452
1508
1564
1620
1676
1732
1788
1844
1900
1956
2012
2068
2124
2180
2236
2292
2348
2404
2460
2516
2572
2628
2684
2740
2796
2852
2908
2964
3020
3076
3132
53
109
165
221
277
333
389
445
501
557
613
669
725
781
837
893
949
1005
1061
1117
1173
1229
1285
1341
1397
1453
1509
1565
1621
1677
1733
1789
1845
1901
1957
2013
2069
2125
2181
2237
2293
2349
2405
2461
2517
2573
2629
2685
2741
2797
2853
2909
2965
3021
3077
3133
54
110
166
222
278
334
390
446
502
558
614
670
726
782
838
894
950
1006
1062
1118
1174
1230
1286
1342
1398
1454
1510
1566
1622
1678
1734
1790
1846
1902
1958
2014
2070
2126
2182
2238
2294
2350
2406
2462
2518
2574
2630
2686
2742
2798
2854
2910
2966
3022
3078
3134
55
111
167
223
279
335
391
447
503
559
615
671
727
783
839
895
951
1007
1063
1119
1175
1231
1287
1343
1399
1455
1511
1567
1623
1679
1735
1791
1847
1903
1959
2015
2071
2127
2183
2239
2295
2351
2407
2463
2519
2575
2631
2687
2743
2799
2855
2911
2967
3023
3079
3135
)


// ************************************************************************* //
