/*--------------------------------*- C++ -*----------------------------------*\
| =========                 |                                                 |
| \\      /  F ield         | OpenFOAM: The Open Source CFD Toolbox           |
|  \\    /   O peration     | Version:  v1812                                 |
|   \\  /    A nd           | Web:      www.OpenFOAM.com                      |
|    \\/     M anipulation  |                                                 |
\*---------------------------------------------------------------------------*/
FoamFile
{
    version     2.0;
    format      ascii;
    class       labelList;
    note        "nPoints: 4930 nCells: 2352 nFaces: 9520 nInternalFaces: 4592";
    location    "constant/polyMesh";
    object      neighbour;
}
// * * * * * * * * * * * * * * * * * * * * * * * * * * * * * * * * * * * * * //


4592
(
1
28
2
29
3
30
4
31
5
32
6
33
7
34
8
35
9
36
10
37
11
38
12
39
13
40
14
41
15
42
16
43
17
44
18
45
19
46
20
47
21
48
22
49
23
50
24
51
25
52
26
53
27
54
55
29
56
30
57
31
58
32
59
33
60
34
61
35
62
36
63
37
64
38
65
39
66
40
67
41
68
42
69
43
70
44
71
45
72
46
73
47
74
48
75
49
76
50
77
51
78
52
79
53
80
54
81
55
82
83
57
84
58
85
59
86
60
87
61
88
62
89
63
90
64
91
65
92
66
93
67
94
68
95
69
96
70
97
71
98
72
99
73
100
74
101
75
102
76
103
77
104
78
105
79
106
80
107
81
108
82
109
83
110
111
85
112
86
113
87
114
88
115
89
116
90
117
91
118
92
119
93
120
94
121
95
122
96
123
97
124
98
125
99
126
100
127
101
128
102
129
103
130
104
131
105
132
106
133
107
134
108
135
109
136
110
137
111
138
139
113
140
114
141
115
142
116
143
117
144
118
145
119
146
120
147
121
148
122
149
123
150
124
151
125
152
126
153
127
154
128
155
129
156
130
157
131
158
132
159
133
160
134
161
135
162
136
163
137
164
138
165
139
166
167
141
168
142
169
143
170
144
171
145
172
146
173
147
174
148
175
149
176
150
177
151
178
152
179
153
180
154
181
155
182
156
183
157
184
158
185
159
186
160
187
161
188
162
189
163
190
164
191
165
192
166
193
167
194
195
169
196
170
197
171
198
172
199
173
200
174
201
175
202
176
203
177
204
178
205
179
206
180
207
181
208
182
209
183
210
184
211
185
212
186
213
187
214
188
215
189
216
190
217
191
218
192
219
193
220
194
221
195
222
223
197
224
198
225
199
226
200
227
201
228
202
229
203
230
204
231
205
232
206
233
207
234
208
235
209
236
210
237
211
238
212
239
213
240
214
241
215
242
216
243
217
244
218
245
219
246
220
247
221
248
222
249
223
250
251
225
252
226
253
227
254
228
255
229
256
230
257
231
258
232
259
233
260
234
261
235
262
236
263
237
264
238
265
239
266
240
267
241
268
242
269
243
270
244
271
245
272
246
273
247
274
248
275
249
276
250
277
251
278
279
253
280
254
281
255
282
256
283
257
284
258
285
259
286
260
287
261
288
262
289
263
290
264
291
265
292
266
293
267
294
268
295
269
296
270
297
271
298
272
299
273
300
274
301
275
302
276
303
277
304
278
305
279
306
307
281
308
282
309
283
310
284
311
285
312
286
313
287
314
288
315
289
316
290
317
291
318
292
319
293
320
294
321
295
322
296
323
297
324
298
325
299
326
300
327
301
328
302
329
303
330
304
331
305
332
306
333
307
334
335
309
336
310
337
311
338
312
339
313
340
314
341
315
342
316
343
317
344
318
345
319
346
320
347
321
348
322
349
323
350
324
351
325
352
326
353
327
354
328
355
329
356
330
357
331
358
332
359
333
360
334
361
335
362
363
337
364
338
365
339
366
340
367
341
368
342
369
343
370
344
371
345
372
346
373
347
374
348
375
349
376
350
377
351
378
352
379
353
380
354
381
355
382
356
383
357
384
358
385
359
386
360
387
361
388
362
389
363
390
391
365
392
366
393
367
394
368
395
369
396
370
397
371
398
372
399
373
400
374
401
375
402
376
403
377
404
378
405
379
406
380
407
381
408
382
409
383
410
384
411
385
412
386
413
387
414
388
415
389
416
390
417
391
418
419
393
420
394
421
395
422
396
423
397
424
398
425
399
426
400
427
401
428
402
429
403
430
404
431
405
432
406
433
407
434
408
435
409
436
410
437
411
438
412
439
413
440
414
441
415
442
416
443
417
444
418
445
419
446
447
421
448
422
449
423
450
424
451
425
452
426
453
427
454
428
455
429
456
430
457
431
458
432
459
433
460
434
461
435
462
436
463
437
464
438
465
439
466
440
467
441
468
442
469
443
470
444
471
445
472
446
473
447
474
475
449
476
450
477
451
478
452
479
453
480
454
481
455
482
456
483
457
484
458
485
459
486
460
487
461
488
462
489
463
490
464
491
465
492
466
493
467
494
468
495
469
496
470
497
471
498
472
499
473
500
474
501
475
502
503
477
504
478
505
479
506
480
507
481
508
482
509
483
510
484
511
485
512
486
513
487
514
488
515
489
516
490
517
491
518
492
519
493
520
494
521
495
522
496
523
497
524
498
525
499
526
500
527
501
528
502
529
503
530
531
505
532
506
533
507
534
508
535
509
536
510
537
511
538
512
539
513
540
514
541
515
542
516
543
517
544
518
545
519
546
520
547
521
548
522
549
523
550
524
551
525
552
526
553
527
554
528
555
529
556
530
557
531
558
559
533
560
534
561
535
562
536
563
537
564
538
565
539
566
540
567
541
568
542
569
543
570
544
571
545
572
546
573
547
574
548
575
549
576
550
577
551
578
552
579
553
580
554
581
555
582
556
583
557
584
558
585
559
586
587
561
588
562
589
563
590
564
591
565
592
566
593
567
594
568
595
569
596
570
597
571
598
572
599
573
600
574
601
575
602
576
603
577
604
578
605
579
606
580
607
581
608
582
609
583
610
584
611
585
612
586
613
587
614
615
589
616
590
617
591
618
592
619
593
620
594
621
595
622
596
623
597
624
598
625
599
626
600
627
601
628
602
629
603
630
604
631
605
632
606
633
607
634
608
635
609
636
610
637
611
638
612
639
613
640
614
641
615
642
643
617
644
618
645
619
646
620
647
621
648
622
649
623
650
624
651
625
652
626
653
627
654
628
655
629
656
630
657
631
658
632
659
633
660
634
661
635
662
636
663
637
664
638
665
639
666
640
667
641
668
642
669
643
670
671
645
672
646
673
647
674
648
675
649
676
650
677
651
678
652
679
653
680
654
681
655
682
656
683
657
684
658
685
659
686
660
687
661
688
662
689
663
690
664
691
665
692
666
693
667
694
668
695
669
696
670
697
671
698
699
673
700
674
701
675
702
676
703
677
704
678
705
679
706
680
707
681
708
682
709
683
710
684
711
685
712
686
713
687
714
688
715
689
716
690
717
691
718
692
719
693
720
694
721
695
722
696
723
697
724
698
725
699
726
727
701
728
702
729
703
730
704
731
705
732
706
733
707
734
708
735
709
736
710
737
711
738
712
739
713
740
714
741
715
742
716
743
717
744
718
745
719
746
720
747
721
748
722
749
723
750
724
751
725
752
726
753
727
754
755
729
756
730
757
731
758
732
759
733
760
734
761
735
762
736
763
737
764
738
765
739
766
740
767
741
768
742
769
743
770
744
771
745
772
746
773
747
774
748
775
749
776
750
777
751
778
752
779
753
780
754
781
755
782
783
757
784
758
785
759
786
760
787
761
788
762
789
763
790
764
791
765
792
766
793
767
794
768
795
769
796
770
797
771
798
772
799
773
800
774
801
775
802
776
803
777
804
778
805
779
806
780
807
781
808
782
809
783
810
811
785
812
786
813
787
814
788
815
789
816
790
817
791
818
792
819
793
820
794
821
795
822
796
823
797
824
798
825
799
826
800
827
801
828
802
829
803
830
804
831
805
832
806
833
807
834
808
835
809
836
810
837
811
838
839
813
840
814
841
815
842
816
843
817
844
818
845
819
846
820
847
821
848
822
849
823
850
824
851
825
852
826
853
827
854
828
855
829
856
830
857
831
858
832
859
833
860
834
861
835
862
836
863
837
864
838
865
839
866
867
841
868
842
869
843
870
844
871
845
872
846
873
847
874
848
875
849
876
850
877
851
878
852
879
853
880
854
881
855
882
856
883
857
884
858
885
859
886
860
887
861
888
862
889
863
890
864
891
865
892
866
893
867
894
895
869
896
870
897
871
898
872
899
873
900
874
901
875
902
876
903
877
904
878
905
879
906
880
907
881
908
882
909
883
910
884
911
885
912
886
913
887
914
888
915
889
916
890
917
891
918
892
919
893
920
894
921
895
922
923
897
924
898
925
899
926
900
927
901
928
902
929
903
930
904
931
905
932
906
933
907
934
908
935
909
936
910
937
911
938
912
939
913
940
914
941
915
942
916
943
917
944
918
945
919
946
920
947
921
948
922
949
923
950
951
925
952
926
953
927
954
928
955
929
956
930
957
931
958
932
959
933
960
934
961
935
962
936
963
937
964
938
965
939
966
940
967
941
968
942
969
943
970
944
971
945
972
946
973
947
974
948
975
949
976
950
977
951
978
979
953
980
954
981
955
982
956
983
957
984
958
985
959
986
960
987
961
988
962
989
963
990
964
991
965
992
966
993
967
994
968
995
969
996
970
997
971
998
972
999
973
1000
974
1001
975
1002
976
1003
977
1004
978
1005
979
1006
1007
981
1008
982
1009
983
1010
984
1011
985
1012
986
1013
987
1014
988
1015
989
1016
990
1017
991
1018
992
1019
993
1020
994
1021
995
1022
996
1023
997
1024
998
1025
999
1026
1000
1027
1001
1028
1002
1029
1003
1030
1004
1031
1005
1032
1006
1033
1007
1034
1035
1009
1036
1010
1037
1011
1038
1012
1039
1013
1040
1014
1041
1015
1042
1016
1043
1017
1044
1018
1045
1019
1046
1020
1047
1021
1048
1022
1049
1023
1050
1024
1051
1025
1052
1026
1053
1027
1054
1028
1055
1029
1056
1030
1057
1031
1058
1032
1059
1033
1060
1034
1061
1035
1062
1063
1037
1064
1038
1065
1039
1066
1040
1067
1041
1068
1042
1069
1043
1070
1044
1071
1045
1072
1046
1073
1047
1074
1048
1075
1049
1076
1050
1077
1051
1078
1052
1079
1053
1080
1054
1081
1055
1082
1056
1083
1057
1084
1058
1085
1059
1086
1060
1087
1061
1088
1062
1089
1063
1090
1091
1065
1092
1066
1093
1067
1094
1068
1095
1069
1096
1070
1097
1071
1098
1072
1099
1073
1100
1074
1101
1075
1102
1076
1103
1077
1104
1078
1105
1079
1106
1080
1107
1081
1108
1082
1109
1083
1110
1084
1111
1085
1112
1086
1113
1087
1114
1088
1115
1089
1116
1090
1117
1091
1118
1119
1093
1120
1094
1121
1095
1122
1096
1123
1097
1124
1098
1125
1099
1126
1100
1127
1101
1128
1102
1129
1103
1130
1104
1131
1105
1132
1106
1133
1107
1134
1108
1135
1109
1136
1110
1137
1111
1138
1112
1139
1113
1140
1114
1141
1115
1142
1116
1143
1117
1144
1118
1145
1119
1146
1147
1121
1148
1122
1149
1123
1150
1124
1151
1125
1152
1126
1153
1127
1154
1128
1155
1129
1156
1130
1157
1131
1158
1132
1159
1133
1160
1134
1161
1135
1162
1136
1163
1137
1164
1138
1165
1139
1166
1140
1167
1141
1168
1142
1169
1143
1170
1144
1171
1145
1172
1146
1173
1147
1174
1175
1149
1176
1150
1177
1151
1178
1152
1179
1153
1180
1154
1181
1155
1182
1156
1183
1157
1184
1158
1185
1159
1186
1160
1187
1161
1188
1162
1189
1163
1190
1164
1191
1165
1192
1166
1193
1167
1194
1168
1195
1169
1196
1170
1197
1171
1198
1172
1199
1173
1200
1174
1201
1175
1202
1203
1177
1204
1178
1205
1179
1206
1180
1207
1181
1208
1182
1209
1183
1210
1184
1211
1185
1212
1186
1213
1187
1214
1188
1215
1189
1216
1190
1217
1191
1218
1192
1219
1193
1220
1194
1221
1195
1222
1196
1223
1197
1224
1198
1225
1199
1226
1200
1227
1201
1228
1202
1229
1203
1230
1231
1205
1232
1206
1233
1207
1234
1208
1235
1209
1236
1210
1237
1211
1238
1212
1239
1213
1240
1214
1241
1215
1242
1216
1243
1217
1244
1218
1245
1219
1246
1220
1247
1221
1248
1222
1249
1223
1250
1224
1251
1225
1252
1226
1253
1227
1254
1228
1255
1229
1256
1230
1257
1231
1258
1259
1233
1260
1234
1261
1235
1262
1236
1263
1237
1264
1238
1265
1239
1266
1240
1267
1241
1268
1242
1269
1243
1270
1244
1271
1245
1272
1246
1273
1247
1274
1248
1275
1249
1276
1250
1277
1251
1278
1252
1279
1253
1280
1254
1281
1255
1282
1256
1283
1257
1284
1258
1285
1259
1286
1287
1261
1288
1262
1289
1263
1290
1264
1291
1265
1292
1266
1293
1267
1294
1268
1295
1269
1296
1270
1297
1271
1298
1272
1299
1273
1300
1274
1301
1275
1302
1276
1303
1277
1304
1278
1305
1279
1306
1280
1307
1281
1308
1282
1309
1283
1310
1284
1311
1285
1312
1286
1313
1287
1314
1315
1289
1316
1290
1317
1291
1318
1292
1319
1293
1320
1294
1321
1295
1322
1296
1323
1297
1324
1298
1325
1299
1326
1300
1327
1301
1328
1302
1329
1303
1330
1304
1331
1305
1332
1306
1333
1307
1334
1308
1335
1309
1336
1310
1337
1311
1338
1312
1339
1313
1340
1314
1341
1315
1342
1343
1317
1344
1318
1345
1319
1346
1320
1347
1321
1348
1322
1349
1323
1350
1324
1351
1325
1352
1326
1353
1327
1354
1328
1355
1329
1356
1330
1357
1331
1358
1332
1359
1333
1360
1334
1361
1335
1362
1336
1363
1337
1364
1338
1365
1339
1366
1340
1367
1341
1368
1342
1369
1343
1370
1371
1345
1372
1346
1373
1347
1374
1348
1375
1349
1376
1350
1377
1351
1378
1352
1379
1353
1380
1354
1381
1355
1382
1356
1383
1357
1384
1358
1385
1359
1386
1360
1387
1361
1388
1362
1389
1363
1390
1364
1391
1365
1392
1366
1393
1367
1394
1368
1395
1369
1396
1370
1397
1371
1398
1399
1373
1400
1374
1401
1375
1402
1376
1403
1377
1404
1378
1405
1379
1406
1380
1407
1381
1408
1382
1409
1383
1410
1384
1411
1385
1412
1386
1413
1387
1414
1388
1415
1389
1416
1390
1417
1391
1418
1392
1419
1393
1420
1394
1421
1395
1422
1396
1423
1397
1424
1398
1425
1399
1426
1427
1401
1428
1402
1429
1403
1430
1404
1431
1405
1432
1406
1433
1407
1434
1408
1435
1409
1436
1410
1437
1411
1438
1412
1439
1413
1440
1414
1441
1415
1442
1416
1443
1417
1444
1418
1445
1419
1446
1420
1447
1421
1448
1422
1449
1423
1450
1424
1451
1425
1452
1426
1453
1427
1454
1455
1429
1456
1430
1457
1431
1458
1432
1459
1433
1460
1434
1461
1435
1462
1436
1463
1437
1464
1438
1465
1439
1466
1440
1467
1441
1468
1442
1469
1443
1470
1444
1471
1445
1472
1446
1473
1447
1474
1448
1475
1449
1476
1450
1477
1451
1478
1452
1479
1453
1480
1454
1481
1455
1482
1483
1457
1484
1458
1485
1459
1486
1460
1487
1461
1488
1462
1489
1463
1490
1464
1491
1465
1492
1466
1493
1467
1494
1468
1495
1469
1496
1470
1497
1471
1498
1472
1499
1473
1500
1474
1501
1475
1502
1476
1503
1477
1504
1478
1505
1479
1506
1480
1507
1481
1508
1482
1509
1483
1510
1511
1485
1512
1486
1513
1487
1514
1488
1515
1489
1516
1490
1517
1491
1518
1492
1519
1493
1520
1494
1521
1495
1522
1496
1523
1497
1524
1498
1525
1499
1526
1500
1527
1501
1528
1502
1529
1503
1530
1504
1531
1505
1532
1506
1533
1507
1534
1508
1535
1509
1536
1510
1537
1511
1538
1539
1513
1540
1514
1541
1515
1542
1516
1543
1517
1544
1518
1545
1519
1546
1520
1547
1521
1548
1522
1549
1523
1550
1524
1551
1525
1552
1526
1553
1527
1554
1528
1555
1529
1556
1530
1557
1531
1558
1532
1559
1533
1560
1534
1561
1535
1562
1536
1563
1537
1564
1538
1565
1539
1566
1567
1541
1568
1542
1569
1543
1570
1544
1571
1545
1572
1546
1573
1547
1574
1548
1575
1549
1576
1550
1577
1551
1578
1552
1579
1553
1580
1554
1581
1555
1582
1556
1583
1557
1584
1558
1585
1559
1586
1560
1587
1561
1588
1562
1589
1563
1590
1564
1591
1565
1592
1566
1593
1567
1594
1595
1569
1596
1570
1597
1571
1598
1572
1599
1573
1600
1574
1601
1575
1602
1576
1603
1577
1604
1578
1605
1579
1606
1580
1607
1581
1608
1582
1609
1583
1610
1584
1611
1585
1612
1586
1613
1587
1614
1588
1615
1589
1616
1590
1617
1591
1618
1592
1619
1593
1620
1594
1621
1595
1622
1623
1597
1624
1598
1625
1599
1626
1600
1627
1601
1628
1602
1629
1603
1630
1604
1631
1605
1632
1606
1633
1607
1634
1608
1635
1609
1636
1610
1637
1611
1638
1612
1639
1613
1640
1614
1641
1615
1642
1616
1643
1617
1644
1618
1645
1619
1646
1620
1647
1621
1648
1622
1649
1623
1650
1651
1625
1652
1626
1653
1627
1654
1628
1655
1629
1656
1630
1657
1631
1658
1632
1659
1633
1660
1634
1661
1635
1662
1636
1663
1637
1664
1638
1665
1639
1666
1640
1667
1641
1668
1642
1669
1643
1670
1644
1671
1645
1672
1646
1673
1647
1674
1648
1675
1649
1676
1650
1677
1651
1678
1679
1653
1680
1654
1681
1655
1682
1656
1683
1657
1684
1658
1685
1659
1686
1660
1687
1661
1688
1662
1689
1663
1690
1664
1691
1665
1692
1666
1693
1667
1694
1668
1695
1669
1696
1670
1697
1671
1698
1672
1699
1673
1700
1674
1701
1675
1702
1676
1703
1677
1704
1678
1705
1679
1706
1707
1681
1708
1682
1709
1683
1710
1684
1711
1685
1712
1686
1713
1687
1714
1688
1715
1689
1716
1690
1717
1691
1718
1692
1719
1693
1720
1694
1721
1695
1722
1696
1723
1697
1724
1698
1725
1699
1726
1700
1727
1701
1728
1702
1729
1703
1730
1704
1731
1705
1732
1706
1733
1707
1734
1735
1709
1736
1710
1737
1711
1738
1712
1739
1713
1740
1714
1741
1715
1742
1716
1743
1717
1744
1718
1745
1719
1746
1720
1747
1721
1748
1722
1749
1723
1750
1724
1751
1725
1752
1726
1753
1727
1754
1728
1755
1729
1756
1730
1757
1731
1758
1732
1759
1733
1760
1734
1761
1735
1762
1763
1737
1764
1738
1765
1739
1766
1740
1767
1741
1768
1742
1769
1743
1770
1744
1771
1745
1772
1746
1773
1747
1774
1748
1775
1749
1776
1750
1777
1751
1778
1752
1779
1753
1780
1754
1781
1755
1782
1756
1783
1757
1784
1758
1785
1759
1786
1760
1787
1761
1788
1762
1789
1763
1790
1791
1765
1792
1766
1793
1767
1794
1768
1795
1769
1796
1770
1797
1771
1798
1772
1799
1773
1800
1774
1801
1775
1802
1776
1803
1777
1804
1778
1805
1779
1806
1780
1807
1781
1808
1782
1809
1783
1810
1784
1811
1785
1812
1786
1813
1787
1814
1788
1815
1789
1816
1790
1817
1791
1818
1819
1793
1820
1794
1821
1795
1822
1796
1823
1797
1824
1798
1825
1799
1826
1800
1827
1801
1828
1802
1829
1803
1830
1804
1831
1805
1832
1806
1833
1807
1834
1808
1835
1809
1836
1810
1837
1811
1838
1812
1839
1813
1840
1814
1841
1815
1842
1816
1843
1817
1844
1818
1845
1819
1846
1847
1821
1848
1822
1849
1823
1850
1824
1851
1825
1852
1826
1853
1827
1854
1828
1855
1829
1856
1830
1857
1831
1858
1832
1859
1833
1860
1834
1861
1835
1862
1836
1863
1837
1864
1838
1865
1839
1866
1840
1867
1841
1868
1842
1869
1843
1870
1844
1871
1845
1872
1846
1873
1847
1874
1875
1849
1876
1850
1877
1851
1878
1852
1879
1853
1880
1854
1881
1855
1882
1856
1883
1857
1884
1858
1885
1859
1886
1860
1887
1861
1888
1862
1889
1863
1890
1864
1891
1865
1892
1866
1893
1867
1894
1868
1895
1869
1896
1870
1897
1871
1898
1872
1899
1873
1900
1874
1901
1875
1902
1903
1877
1904
1878
1905
1879
1906
1880
1907
1881
1908
1882
1909
1883
1910
1884
1911
1885
1912
1886
1913
1887
1914
1888
1915
1889
1916
1890
1917
1891
1918
1892
1919
1893
1920
1894
1921
1895
1922
1896
1923
1897
1924
1898
1925
1899
1926
1900
1927
1901
1928
1902
1929
1903
1930
1931
1905
1932
1906
1933
1907
1934
1908
1935
1909
1936
1910
1937
1911
1938
1912
1939
1913
1940
1914
1941
1915
1942
1916
1943
1917
1944
1918
1945
1919
1946
1920
1947
1921
1948
1922
1949
1923
1950
1924
1951
1925
1952
1926
1953
1927
1954
1928
1955
1929
1956
1930
1957
1931
1958
1959
1933
1960
1934
1961
1935
1962
1936
1963
1937
1964
1938
1965
1939
1966
1940
1967
1941
1968
1942
1969
1943
1970
1944
1971
1945
1972
1946
1973
1947
1974
1948
1975
1949
1976
1950
1977
1951
1978
1952
1979
1953
1980
1954
1981
1955
1982
1956
1983
1957
1984
1958
1985
1959
1986
1987
1961
1988
1962
1989
1963
1990
1964
1991
1965
1992
1966
1993
1967
1994
1968
1995
1969
1996
1970
1997
1971
1998
1972
1999
1973
2000
1974
2001
1975
2002
1976
2003
1977
2004
1978
2005
1979
2006
1980
2007
1981
2008
1982
2009
1983
2010
1984
2011
1985
2012
1986
2013
1987
2014
2015
1989
2016
1990
2017
1991
2018
1992
2019
1993
2020
1994
2021
1995
2022
1996
2023
1997
2024
1998
2025
1999
2026
2000
2027
2001
2028
2002
2029
2003
2030
2004
2031
2005
2032
2006
2033
2007
2034
2008
2035
2009
2036
2010
2037
2011
2038
2012
2039
2013
2040
2014
2041
2015
2042
2043
2017
2044
2018
2045
2019
2046
2020
2047
2021
2048
2022
2049
2023
2050
2024
2051
2025
2052
2026
2053
2027
2054
2028
2055
2029
2056
2030
2057
2031
2058
2032
2059
2033
2060
2034
2061
2035
2062
2036
2063
2037
2064
2038
2065
2039
2066
2040
2067
2041
2068
2042
2069
2043
2070
2071
2045
2072
2046
2073
2047
2074
2048
2075
2049
2076
2050
2077
2051
2078
2052
2079
2053
2080
2054
2081
2055
2082
2056
2083
2057
2084
2058
2085
2059
2086
2060
2087
2061
2088
2062
2089
2063
2090
2064
2091
2065
2092
2066
2093
2067
2094
2068
2095
2069
2096
2070
2097
2071
2098
2099
2073
2100
2074
2101
2075
2102
2076
2103
2077
2104
2078
2105
2079
2106
2080
2107
2081
2108
2082
2109
2083
2110
2084
2111
2085
2112
2086
2113
2087
2114
2088
2115
2089
2116
2090
2117
2091
2118
2092
2119
2093
2120
2094
2121
2095
2122
2096
2123
2097
2124
2098
2125
2099
2126
2127
2101
2128
2102
2129
2103
2130
2104
2131
2105
2132
2106
2133
2107
2134
2108
2135
2109
2136
2110
2137
2111
2138
2112
2139
2113
2140
2114
2141
2115
2142
2116
2143
2117
2144
2118
2145
2119
2146
2120
2147
2121
2148
2122
2149
2123
2150
2124
2151
2125
2152
2126
2153
2127
2154
2155
2129
2156
2130
2157
2131
2158
2132
2159
2133
2160
2134
2161
2135
2162
2136
2163
2137
2164
2138
2165
2139
2166
2140
2167
2141
2168
2142
2169
2143
2170
2144
2171
2145
2172
2146
2173
2147
2174
2148
2175
2149
2176
2150
2177
2151
2178
2152
2179
2153
2180
2154
2181
2155
2182
2183
2157
2184
2158
2185
2159
2186
2160
2187
2161
2188
2162
2189
2163
2190
2164
2191
2165
2192
2166
2193
2167
2194
2168
2195
2169
2196
2170
2197
2171
2198
2172
2199
2173
2200
2174
2201
2175
2202
2176
2203
2177
2204
2178
2205
2179
2206
2180
2207
2181
2208
2182
2209
2183
2210
2211
2185
2212
2186
2213
2187
2214
2188
2215
2189
2216
2190
2217
2191
2218
2192
2219
2193
2220
2194
2221
2195
2222
2196
2223
2197
2224
2198
2225
2199
2226
2200
2227
2201
2228
2202
2229
2203
2230
2204
2231
2205
2232
2206
2233
2207
2234
2208
2235
2209
2236
2210
2237
2211
2238
2239
2213
2240
2214
2241
2215
2242
2216
2243
2217
2244
2218
2245
2219
2246
2220
2247
2221
2248
2222
2249
2223
2250
2224
2251
2225
2252
2226
2253
2227
2254
2228
2255
2229
2256
2230
2257
2231
2258
2232
2259
2233
2260
2234
2261
2235
2262
2236
2263
2237
2264
2238
2265
2239
2266
2267
2241
2268
2242
2269
2243
2270
2244
2271
2245
2272
2246
2273
2247
2274
2248
2275
2249
2276
2250
2277
2251
2278
2252
2279
2253
2280
2254
2281
2255
2282
2256
2283
2257
2284
2258
2285
2259
2286
2260
2287
2261
2288
2262
2289
2263
2290
2264
2291
2265
2292
2266
2293
2267
2294
2295
2269
2296
2270
2297
2271
2298
2272
2299
2273
2300
2274
2301
2275
2302
2276
2303
2277
2304
2278
2305
2279
2306
2280
2307
2281
2308
2282
2309
2283
2310
2284
2311
2285
2312
2286
2313
2287
2314
2288
2315
2289
2316
2290
2317
2291
2318
2292
2319
2293
2320
2294
2321
2295
2322
2323
2297
2324
2298
2325
2299
2326
2300
2327
2301
2328
2302
2329
2303
2330
2304
2331
2305
2332
2306
2333
2307
2334
2308
2335
2309
2336
2310
2337
2311
2338
2312
2339
2313
2340
2314
2341
2315
2342
2316
2343
2317
2344
2318
2345
2319
2346
2320
2347
2321
2348
2322
2349
2323
2350
2351
2325
2326
2327
2328
2329
2330
2331
2332
2333
2334
2335
2336
2337
2338
2339
2340
2341
2342
2343
2344
2345
2346
2347
2348
2349
2350
2351
)


// ************************************************************************* //
